result,528423542,1
left,birthmark,bzip2-1.0.6,/Users/tamada/researches/2026snpd_tamada_experiments/experiments/experiment0/executables/bzip2-1.0.6,op-seq,2026-04-17T04:57:47.828330+00:00,3908292
right,birthmark,bzip2-1.0.5,/Users/tamada/researches/2026snpd_tamada_experiments/experiments/experiment0/executables/bzip2-1.0.5,op-seq,2026-04-17T04:57:47.890829+00:00,3127708
matrix,,entry,_mySIGSEGVorSIGBUScatcher,_addFlagsFromEnvVar,_snocString,_usage,_mySignalCatcher,_compress,_uncompress,_testf,_showFileNames,_cleanUpAndFail,_cadvise,_outOfMemory,_panic,_uInt64_toAscii,_configError,_crcError,_compressedStreamEOF,_OUTLINED_FUNCTION_0,_OUTLINED_FUNCTION_1,_BZ2_blockSort,_fallbackSort,_mainGtU,_BZ2_hbMakeCodeLengths,_BZ2_hbAssignCodes,_BZ2_hbCreateDecodeTables,_BZ2_bsInitWrite,_BZ2_compressBlock,_bsPutUInt32,_BZ2_decompress,_BZ2_bzlibVersion,_BZ2_bzCompressInit,_default_bzalloc,_default_bzfree,_BZ2_bzCompress,_handle_compress,_BZ2_bzCompressEnd,_BZ2_bzDecompressInit,_BZ2_indexIntoF,_BZ2_bzDecompress,_BZ2_bzDecompressEnd,_BZ2_bzWriteOpen,_BZ2_bzWrite,_BZ2_bzWriteClose,_BZ2_bzWriteClose64,_BZ2_bzReadOpen,_BZ2_bzReadClose,_BZ2_bzRead,_BZ2_bzReadGetUnused,_BZ2_bzBuffToBuffCompress,_BZ2_bzBuffToBuffDecompress,_BZ2_bzopen,_bzopen_or_bzdopen,_BZ2_bzdopen,_BZ2_bzread,_BZ2_bzwrite,_BZ2_bzflush,_BZ2_bzclose,_BZ2_bzerror,_add_pair_to_block,_ioError,_main.cold.2,_main.cold.3,_BZ2_bz__AssertH__fail
0,entry,1,0.017981072555205046,0.0702685821361649,0.021437578814627996,0.0031545741324921135,0.0037854889589905363,0.48172323759791125,0.5078714332568055,0.5411471321695761,0.00473186119873817,0.0694006309148265,0.004416403785488959,0.00473186119873817,0.00473186119873817,0.05028954587016154,0.005047318611987382,0.0056782334384858045,0.013564668769716088,0.004416403785488959,0.0006309148264984228,0.08306709265175719,0.20568870160653147,0.0546095126247798,0.16165315197488883,0.012295081967213115,0.06996681415929204,0.0012618296529968455,0.06210642792475606,0.031572556162720096,0.025796661608497723,0.0006309148264984228,0.06271030896298563,0.0006305170239596469,0.0015772870662460567,0.04375196726471514,0.11298076923076923,0.016698172652804034,0.020741671904462602,0.00630119722747322,0.17100289081609962,0.016698172652804034,0.025794274929223027,0.038136917786808375,0.0006309148264984228,0.06332616046726099,0.03295668549905838,0.027917189460476787,0.042692427547522595,0.015132408575031526,0.10611231771641327,0.11131840796019901,0.0009463722397476341,0.11156377311187715,0.0009463722397476341,0.005676442762535478,0.0028391167192429023,0.0006309148264984228,0.03802639849151477,0.0034667507091080997,0.028125955365331703,0.0056782334384858045,0.0015772870662460567,0.0037854889589905363,0.0056782334384858045
1,_mySIGSEGVorSIGBUScatcher,0.017981072555205046,1,0.19391634980988592,0.5301204819277109,0.17543859649122806,0.21052631578947367,0.009644670050761422,0.009460580912863071,0.032130777903043965,0.2413793103448276,0.25339366515837103,0.24561403508771928,0.2631578947368421,0.2631578947368421,0.16433566433566432,0.25862068965517243,0.3157894736842105,0.6666666666666666,0.24561403508771928,0.03508771929824561,0.0015619433864028718,0.040482954545454544,0.066815144766147,0.0440251572327044,0.30666666666666664,0.04419889502762431,0.03389830508474576,0.0011486840514288018,0.05166051660516605,0.047058823529411764,0.03508771929824561,0.14968152866242038,0.03389830508474576,0.08771929824561403,0.18023255813953487,0.056112224448897796,0.17525773195876287,0.1440677966101695,0.265625,0.02670481640438722,0.17525773195876287,0.23333333333333334,0.11229946524064172,0.03508771929824561,0.0949367088607595,0.17880794701986755,0.08609271523178808,0.13658536585365855,0.12631578947368421,0.135678391959799,0.12990196078431374,0.05263157894736842,0.15119363395225463,0.05263157894736842,0.2459016393442623,0.13793103448275862,0.03508771929824561,0.28378378378378377,0.07575757575757576,0.059322033898305086,0.3157894736842105,0.08771929824561403,0.21052631578947367,0.3157894736842105
2,_addFlagsFromEnvVar,0.0702685821361649,0.19391634980988592,1,0.22932330827067668,0.038910505836575876,0.04669260700389105,0.0335176805765041,0.040755467196819085,0.12958843159065628,0.058365758754863814,0.31043956043956045,0.050387596899224806,0.058365758754863814,0.058365758754863814,0.5014084507042254,0.0622568093385214,0.07003891050583658,0.16279069767441862,0.054474708171206226,0.007782101167315175,0.006987258528565557,0.18085106382978725,0.17474048442906576,0.2022029897718332,0.15057915057915058,0.3042291950886767,0.01556420233463035,0.0051791544073193346,0.25,0.17632241813602015,0.007782101167315175,0.3886138613861386,0.01556420233463035,0.015503875968992248,0.3896551724137931,0.2198443579766537,0.1760299625468165,0.23616236162361623,0.08494208494208494,0.11941008563273073,0.1760299625468165,0.3132075471698113,0.3377049180327869,0.007782101167315175,0.3062200956937799,0.38461538461538464,0.23809523809523808,0.3081570996978852,0.18076923076923077,0.39316239316239315,0.33535353535353535,0.011673151750972763,0.45080091533180777,0.011673151750972763,0.06976744186046512,0.03501945525291829,0.007782101167315175,0.3588850174216028,0.050387596899224806,0.21621621621621623,0.07003891050583658,0.019455252918287938,0.04669260700389105,0.07003891050583658
3,_snocString,0.021437578814627996,0.5301204819277109,0.22932330827067668,1,0.14285714285714285,0.17142857142857143,0.011502029769959404,0.011618257261410789,0.038288288288288286,0.19718309859154928,0.23404255319148937,0.2,0.21428571428571427,0.21428571428571427,0.1972318339100346,0.2112676056338028,0.2571428571428571,0.547945205479452,0.2,0.02857142857142857,0.0019181760885649303,0.048970901348474094,0.06724511930585683,0.04847537138389367,0.3373493975903614,0.062154696132596686,0.05714285714285714,0.0013904842512544586,0.08759124087591241,0.08108108108108109,0.02857142857142857,0.15789473684210525,0.04225352112676056,0.07142857142857142,0.24855491329479767,0.06274900398406374,0.27,0.23333333333333334,0.23684210526315788,0.029957203994293864,0.27,0.35294117647058826,0.20108695652173914,0.02857142857142857,0.15064102564102563,0.26490066225165565,0.18791946308724833,0.22388059701492538,0.2631578947368421,0.13414634146341464,0.12589073634204276,0.04285714285714286,0.17015706806282724,0.04285714285714286,0.2361111111111111,0.11267605633802817,0.02857142857142857,0.2848101265822785,0.13513513513513514,0.11914893617021277,0.2571428571428571,0.07142857142857142,0.17142857142857143,0.2571428571428571
4,_usage,0.0031545741324921135,0.17543859649122806,0.038910505836575876,0.14285714285714285,1,0.8333333333333334,0.001692047377326565,0.0016597510373443983,0.005636978579481398,0.5625,0.045454545454545456,0.6,0.6666666666666666,0.6666666666666666,0.032490974729241874,0.625,0.5555555555555556,0.23255813953488372,0.6,0.2,0.00027402515550927576,0.007102272727272727,0.014084507042253521,0.007867820613690008,0.13333333333333333,0.008534850640113799,0.16666666666666666,0.00020152351779452663,0.01276595744680851,0.028037383177570093,0.2,0.026143790849673203,0.16666666666666666,0.15384615384615385,0.05405405405405406,0.010030090270812437,0.09836065573770492,0.07317073170731707,0.21428571428571427,0.004770992366412214,0.09836065573770492,0.07446808510638298,0.05228758169934641,0.2,0.027491408934707903,0.06504065040650407,0.035398230088495575,0.0449438202247191,0.05263157894736842,0.02531645569620253,0.024752475247524754,0.3,0.026525198938992044,0.3,0.38095238095238093,0.35714285714285715,0.2,0.06716417910447761,0.14285714285714285,0.020100502512562814,0.5555555555555556,0.36363636363636365,0.8333333333333334,0.5555555555555556
5,_mySignalCatcher,0.0037854889589905363,0.21052631578947367,0.04669260700389105,0.17142857142857143,0.8333333333333334,1,0.0020304568527918783,0.001991701244813278,0.006764374295377677,0.5,0.05454545454545454,0.5294117647058824,0.8,0.8,0.039711191335740074,0.75,0.6666666666666666,0.27906976744186046,0.7333333333333333,0.16666666666666666,0.0003288301866111309,0.008522727272727272,0.014018691588785047,0.00944138473642801,0.1276595744680851,0.00851063829787234,0.14285714285714285,0.00024182822135343195,0.012658227848101266,0.027777777777777776,0.16666666666666666,0.032679738562091505,0.14285714285714285,0.13333333333333333,0.05333333333333334,0.012036108324974924,0.09523809523809523,0.07142857142857142,0.2,0.0057251908396946565,0.09523809523809523,0.07291666666666667,0.05161290322580645,0.16666666666666666,0.027303754266211604,0.064,0.034782608695652174,0.044444444444444446,0.05084745762711865,0.030379746835443037,0.0297029702970297,0.25,0.03183023872679045,0.25,0.34782608695652173,0.3125,0.16666666666666666,0.08208955223880597,0.13043478260869565,0.01990049751243781,0.6666666666666666,0.3076923076923077,1,0.5789473684210527
6,_compress,0.48172323759791125,0.009644670050761422,0.0335176805765041,0.011502029769959404,0.001692047377326565,0.0020304568527918783,1,0.8902439024390244,0.28926174496644297,0.0025380710659898475,0.03687415426251692,0.0023688663282571912,0.0025380710659898475,0.0025380710659898475,0.027574750830564786,0.0027072758037225042,0.003045685279187817,0.00727580372250423,0.0023688663282571912,0.00033840947546531303,0.15861522487567625,0.11776386131052391,0.025259067357512953,0.09935701163502755,0.006426517842042956,0.0384978001257071,0.0006768189509306261,0.11700693955546616,0.01824817518248175,0.01257445400397088,0.00033840947546531303,0.03085600530856005,0.0005075283369988157,0.0008460236886632825,0.021592442645074223,0.06343341031562741,0.0091324200913242,0.01029188459591699,0.0035514967021816335,0.10063238933186693,0.0091324200913242,0.012827004219409282,0.01951219512195122,0.00033840947546531303,0.032478347768154565,0.01514896482073725,0.013987192450286484,0.021655195568239048,0.006416751097602162,0.05699916177703269,0.05921825197114578,0.0005076142131979696,0.05646109897496219,0.0005076142131979696,0.003214890016920474,0.0015228426395939086,0.00033840947546531303,0.019743503206209923,0.0020297699594046007,0.016150516150516152,0.003045685279187817,0.0008460236886632825,0.0020304568527918783,0.003045685279187817
7,_uncompress,0.5078714332568055,0.009460580912863071,0.040755467196819085,0.011618257261410789,0.0016597510373443983,0.001991701244813278,0.8902439024390244,1,0.29443983402489626,0.0024896265560165973,0.036514522821576766,0.002323651452282158,0.0024896265560165973,0.0024896265560165973,0.03261225827597509,0.0026556016597510373,0.002987551867219917,0.007136929460580913,0.002323651452282158,0.00033195020746887966,0.1602990939853728,0.13325202012501905,0.032842037808394745,0.11270398047887753,0.006637902422834384,0.05046086548976722,0.0006639004149377593,0.11873504754628979,0.024242424242424242,0.01979064442263657,0.00033195020746887966,0.03703096837620842,0.0004978426817125788,0.0008298755186721991,0.023383084577114428,0.07452180566182097,0.008958195089581952,0.012441937624419376,0.0036502405840384933,0.12060162825996965,0.008958195089581952,0.015103734439834026,0.023194168323392977,0.00033195020746887966,0.04122691292875989,0.019237147595356552,0.015904572564612324,0.026485681178612813,0.008298755186721992,0.061332451644899984,0.06352357320099256,0.0004979253112033195,0.0613395225464191,0.0004979253112033195,0.0031535269709543567,0.0014937759336099586,0.00033195020746887966,0.020719376761147025,0.001991040318566451,0.021689122576404863,0.002987551867219917,0.0008298755186721991,0.001991701244813278,0.002987551867219917
8,_testf,0.5411471321695761,0.032130777903043965,0.12958843159065628,0.038288288288288286,0.005636978579481398,0.006764374295377677,0.28926174496644297,0.29443983402489626,1,0.008455467869222097,0.12338028169014084,0.007891770011273957,0.008455467869222097,0.008455467869222097,0.09508547008547008,0.009019165727170236,0.010146561443066516,0.024239007891770012,0.007891770011273957,0.0011273957158962795,0.04740659641439715,0.3127062706270627,0.08498023715415019,0.2613918806959403,0.02195945945945946,0.11597472924187725,0.002254791431792559,0.035312128598191085,0.06716417910447761,0.05363781200212427,0.0011273957158962795,0.11301553294054634,0.0011261261261261261,0.002818489289740699,0.07865168539325842,0.1761460101867572,0.030388294879009566,0.04044943820224719,0.01124859392575928,0.21545226130653267,0.030388294879009566,0.04952166572875633,0.07662192393736018,0.0011273957158962795,0.1157382368848026,0.0628154795288839,0.05378151260504202,0.08514190317195326,0.02818489289740699,0.19768083931529543,0.2079866888519135,0.0016910935738444193,0.20504201680672268,0.0016910935738444193,0.010710259301014656,0.005073280721533258,0.0011273957158962795,0.07014590347923681,0.006756756756756757,0.05809575040344271,0.010146561443066516,0.002818489289740699,0.006764374295377677,0.010146561443066516
9,_showFileNames,0.00473186119873817,0.2413793103448276,0.058365758754863814,0.19718309859154928,0.5625,0.5,0.0025380710659898475,0.0024896265560165973,0.008455467869222097,1,0.06334841628959276,0.6111111111111112,0.42857142857142855,0.42857142857142855,0.05434782608695652,0.55,0.375,0.3181818181818182,0.45,0.13333333333333333,0.0004110377332639136,0.01065340909090909,0.025821596244131457,0.011801730920535013,0.2727272727272727,0.017094017094017096,0.11764705882352941,0.00030228527669178993,0.03404255319148936,0.03211009174311927,0.13333333333333333,0.042483660130718956,0.11764705882352941,0.25,0.07333333333333333,0.015045135406218655,0.14285714285714285,0.13414634146341464,0.39285714285714285,0.00715648854961832,0.14285714285714285,0.10416666666666667,0.07096774193548387,0.13333333333333333,0.044673539518900345,0.0967741935483871,0.05172413793103448,0.055248618784530384,0.08333333333333333,0.03535353535353535,0.0345679012345679,0.2,0.037037037037037035,0.2,0.4782608695652174,0.5,0.13333333333333333,0.0962962962962963,0.16,0.04522613065326633,0.375,0.17647058823529413,0.5,0.5
10,_cleanUpAndFail,0.0694006309148265,0.25339366515837103,0.31043956043956045,0.23404255319148937,0.045454545454545456,0.05454545454545454,0.03687415426251692,0.036514522821576766,0.12338028169014084,0.06334841628959276,1,0.058823529411764705,0.06818181818181818,0.06818181818181818,0.23383084577114427,0.07272727272727272,0.08181818181818182,0.19545454545454546,0.06363636363636363,0.00909090909090909,0.006028553421204066,0.15460992907801419,0.08813559322033898,0.16484375,0.12987012987012986,0.11393939393939394,0.009009009009009009,0.004433517391479585,0.09803921568627451,0.05134474327628362,0.00909090909090909,0.28431372549019607,0.009009009009009009,0.01809954751131222,0.17684887459807075,0.20734126984126985,0.1306122448979592,0.12030075187969924,0.07488986784140969,0.10076045627376426,0.1306122448979592,0.15613382899628253,0.12424242424242424,0.00909090909090909,0.1162280701754386,0.14429530201342283,0.10472972972972973,0.14450867052023122,0.10655737704918032,0.4236111111111111,0.4821852731591449,0.013636363636363636,0.5268542199488491,0.013636363636363636,0.07174887892376682,0.04090909090909091,0.00909090909090909,0.23859649122807017,0.030837004405286344,0.07272727272727272,0.08181818181818182,0.022727272727272728,0.05454545454545454,0.08181818181818182
11,_cadvise,0.004416403785488959,0.24561403508771928,0.050387596899224806,0.2,0.6,0.5294117647058824,0.0023688663282571912,0.002323651452282158,0.007891770011273957,0.6111111111111112,0.058823529411764705,1,0.45,0.45,0.050724637681159424,0.5789473684210527,0.391304347826087,0.29545454545454547,0.6470588235294118,0.14285714285714285,0.00038363521771298605,0.009943181818181818,0.023474178403755867,0.011014948859166011,0.2222222222222222,0.01566951566951567,0.125,0.00028213292491233725,0.01680672268907563,0.03225806451612903,0.14285714285714285,0.04262295081967213,0.125,0.35714285714285715,0.08108108108108109,0.013026052104208416,0.16393442622950818,0.10843373493975904,0.35714285714285715,0.006679389312977099,0.16393442622950818,0.11702127659574468,0.07142857142857142,0.14285714285714285,0.041237113402061855,0.0975609756097561,0.06140350877192982,0.06741573033707865,0.10344827586206896,0.035443037974683546,0.03209876543209877,0.21428571428571427,0.03713527851458886,0.21428571428571427,0.5,0.4375,0.14285714285714285,0.072992700729927,0.12,0.029850746268656716,0.391304347826087,0.1875,0.5294117647058824,0.5238095238095238
12,_outOfMemory,0.00473186119873817,0.2631578947368421,0.058365758754863814,0.21428571428571427,0.6666666666666666,0.8,0.0025380710659898475,0.0024896265560165973,0.008455467869222097,0.42857142857142855,0.06818181818181818,0.45,1,1,0.046762589928057555,0.631578947368421,0.8333333333333334,0.3488372093023256,0.6111111111111112,0.13333333333333333,0.0004110377332639136,0.01065340909090909,0.013921113689095127,0.011801730920535013,0.12,0.00847457627118644,0.11764705882352941,0.00030228527669178993,0.0125,0.0273972602739726,0.13333333333333333,0.03908794788273615,0.11764705882352941,0.1111111111111111,0.05921052631578947,0.015045135406218655,0.09090909090909091,0.06896551724137931,0.18181818181818182,0.00715648854961832,0.09090909090909091,0.08163265306122448,0.05732484076433121,0.13333333333333333,0.030508474576271188,0.07086614173228346,0.03389830508474576,0.04945054945054945,0.04838709677419355,0.03535353535353535,0.0345679012345679,0.2,0.03978779840848806,0.2,0.3076923076923077,0.2631578947368421,0.13333333333333333,0.1044776119402985,0.11538461538461539,0.0196078431372549,0.8333333333333334,0.3333333333333333,0.8,0.5714285714285714
13,_panic,0.00473186119873817,0.2631578947368421,0.058365758754863814,0.21428571428571427,0.6666666666666666,0.8,0.0025380710659898475,0.0024896265560165973,0.008455467869222097,0.42857142857142855,0.06818181818181818,0.45,1,1,0.046762589928057555,0.631578947368421,0.8333333333333334,0.3488372093023256,0.6111111111111112,0.13333333333333333,0.0004110377332639136,0.01065340909090909,0.013921113689095127,0.011801730920535013,0.12,0.00847457627118644,0.11764705882352941,0.00030228527669178993,0.0125,0.0273972602739726,0.13333333333333333,0.03908794788273615,0.11764705882352941,0.1111111111111111,0.05921052631578947,0.015045135406218655,0.09090909090909091,0.06896551724137931,0.18181818181818182,0.00715648854961832,0.09090909090909091,0.08163265306122448,0.05732484076433121,0.13333333333333333,0.030508474576271188,0.07086614173228346,0.03389830508474576,0.04945054945054945,0.04838709677419355,0.03535353535353535,0.0345679012345679,0.2,0.03978779840848806,0.2,0.3076923076923077,0.2631578947368421,0.13333333333333333,0.1044776119402985,0.11538461538461539,0.0196078431372549,0.8333333333333334,0.3333333333333333,0.8,0.5714285714285714
14,_uInt64_toAscii,0.05028954587016154,0.16433566433566432,0.5014084507042254,0.1972318339100346,0.032490974729241874,0.039711191335740074,0.027574750830564786,0.03261225827597509,0.09508547008547008,0.05434782608695652,0.23383084577114427,0.050724637681159424,0.046762589928057555,0.046762589928057555,1,0.050359712230215826,0.053763440860215055,0.13523131672597866,0.050724637681159424,0.007246376811594203,0.006818181818181818,0.16863289382373353,0.18305084745762712,0.19,0.13620071684587814,0.26953125,0.014492753623188406,0.005217671588871653,0.2695214105793451,0.16826923076923078,0.007246376811594203,0.2636165577342048,0.010830324909747292,0.018115942028985508,0.2710843373493976,0.18528864059590316,0.1404109589041096,0.21232876712328766,0.07526881720430108,0.11623529411764706,0.1404109589041096,0.2698961937716263,0.286144578313253,0.007246376811594203,0.2639821029082774,0.2931596091205212,0.22364217252396165,0.2696629213483146,0.17266187050359713,0.2903846153846154,0.26865671641791045,0.010869565217391304,0.31388329979879276,0.010869565217391304,0.06884057971014493,0.03260869565217391,0.007246376811594203,0.29430379746835444,0.04316546762589928,0.21188630490956073,0.053763440860215055,0.01079136690647482,0.039711191335740074,0.05755395683453238
15,_configError,0.005047318611987382,0.25862068965517243,0.0622568093385214,0.2112676056338028,0.625,0.75,0.0027072758037225042,0.0026556016597510373,0.009019165727170236,0.55,0.07272727272727272,0.5789473684210527,0.631578947368421,0.631578947368421,0.050359712230215826,1,0.5454545454545454,0.3409090909090909,0.6666666666666666,0.125,0.0004384402488148412,0.011363636363636364,0.02336448598130841,0.012588512981904013,0.2127659574468085,0.014184397163120567,0.1111111111111111,0.0003224376284712426,0.025210084033613446,0.0319634703196347,0.125,0.04234527687296417,0.1111111111111111,0.16666666666666666,0.08,0.0160481444332999,0.140625,0.10588235294117647,0.2903225806451613,0.007633587786259542,0.140625,0.10309278350515463,0.07741935483870968,0.125,0.040955631399317405,0.096,0.0423728813559322,0.06666666666666667,0.06451612903225806,0.04050632911392405,0.037037037037037035,0.1875,0.042440318302387266,0.1875,0.4,0.3888888888888889,0.125,0.09558823529411764,0.1111111111111111,0.034653465346534656,0.5454545454545454,0.23529411764705882,0.75,0.7
16,_crcError,0.0056782334384858045,0.3157894736842105,0.07003891050583658,0.2571428571428571,0.5555555555555556,0.6666666666666666,0.003045685279187817,0.002987551867219917,0.010146561443066516,0.375,0.08181818181818182,0.391304347826087,0.8333333333333334,0.8333333333333334,0.053763440860215055,0.5454545454545454,1,0.4186046511627907,0.5238095238095238,0.1111111111111111,0.0004932452799166964,0.01278409090909091,0.013824884792626729,0.014162077104642014,0.11320754716981132,0.008438818565400843,0.1,0.00036274233203014794,0.012345679012345678,0.02702702702702703,0.1111111111111111,0.045454545454545456,0.1,0.09523809523809523,0.05806451612903226,0.01805416248746239,0.08695652173913043,0.06666666666666667,0.16666666666666666,0.008587786259541985,0.08695652173913043,0.09,0.06289308176100629,0.1111111111111111,0.03367003367003367,0.07751937984496124,0.03305785123966942,0.05434782608695652,0.046153846153846156,0.04030226700251889,0.03940886699507389,0.16666666666666666,0.04774535809018567,0.16666666666666666,0.27586206896551724,0.22727272727272727,0.1111111111111111,0.12686567164179105,0.10344827586206896,0.01932367149758454,1,0.2777777777777778,0.6666666666666666,0.5
17,_compressedStreamEOF,0.013564668769716088,0.6666666666666666,0.16279069767441862,0.547945205479452,0.23255813953488372,0.27906976744186046,0.00727580372250423,0.007136929460580913,0.024239007891770012,0.3181818181818182,0.19545454545454546,0.29545454545454547,0.3488372093023256,0.3488372093023256,0.13523131672597866,0.3409090909090909,0.4186046511627907,1,0.32558139534883723,0.046511627906976744,0.0011783081686898857,0.030539772727272728,0.0449438202247191,0.0330188679245283,0.3125,0.031988873435326845,0.044444444444444446,0.0008665511265164644,0.050387596899224806,0.04979253112033195,0.046511627906976744,0.12297734627831715,0.044444444444444446,0.09090909090909091,0.1524390243902439,0.04312938816449348,0.21951219512195122,0.17475728155339806,0.3137254901960784,0.020028612303290415,0.21951219512195122,0.2072072072072072,0.12790697674418605,0.046511627906976744,0.09210526315789473,0.19708029197080293,0.10294117647058823,0.13471502590673576,0.1625,0.10050251256281408,0.09828009828009827,0.06976744186046512,0.11405835543766578,0.06976744186046512,0.2916666666666667,0.18181818181818182,0.046511627906976744,0.26618705035971224,0.11764705882352941,0.06787330316742081,0.4186046511627907,0.11627906976744186,0.27906976744186046,0.38636363636363635
18,_OUTLINED_FUNCTION_0,0.004416403785488959,0.24561403508771928,0.054474708171206226,0.2,0.6,0.7333333333333333,0.0023688663282571912,0.002323651452282158,0.007891770011273957,0.45,0.06363636363636363,0.6470588235294118,0.6111111111111112,0.6111111111111112,0.050724637681159424,0.6666666666666666,0.5238095238095238,0.32558139534883723,1,0.14285714285714285,0.00038363521771298605,0.009943181818181818,0.02107728337236534,0.011014948859166011,0.1956521739130435,0.01278409090909091,0.125,0.00028213292491233725,0.012552301255230125,0.0228310502283105,0.14285714285714285,0.04262295081967213,0.125,0.11764705882352941,0.06666666666666667,0.014042126379137413,0.109375,0.08235294117647059,0.3103448275862069,0.006679389312977099,0.109375,0.09375,0.050955414012738856,0.14285714285714285,0.034129692832764506,0.08,0.03418803418803419,0.05555555555555555,0.04918032786885246,0.035443037974683546,0.034653465346534656,0.21428571428571427,0.03713527851458886,0.21428571428571427,0.32,0.2777777777777778,0.14285714285714285,0.072992700729927,0.12,0.019704433497536946,0.5238095238095238,0.1875,0.7333333333333333,0.5238095238095238
19,_OUTLINED_FUNCTION_1,0.0006309148264984228,0.03508771929824561,0.007782101167315175,0.02857142857142857,0.2,0.16666666666666666,0.00033840947546531303,0.00033195020746887966,0.0011273957158962795,0.13333333333333333,0.00909090909090909,0.14285714285714285,0.13333333333333333,0.13333333333333333,0.007246376811594203,0.125,0.1111111111111111,0.046511627906976744,0.14285714285714285,1,0.00005480503110185515,0.0014204545454545455,0.002364066193853428,0.0015735641227380016,0.023809523809523808,0.0014285714285714286,0.2,0.00004030470355890533,0.004366812227074236,0.009523809523809525,0.3333333333333333,0.003278688524590164,0.5,0.4,0.0136986301369863,0.0020060180541624875,0.017241379310344827,0.012658227848101266,0.04,0.0009541984732824427,0.017241379310344827,0.02197802197802198,0.013245033112582781,1,0.006920415224913495,0.01652892561983471,0.018691588785046728,0.011363636363636364,0.0196078431372549,0.005063291139240506,0.0049504950495049506,0.6666666666666666,0.005305039787798408,0.6666666666666666,0.10526315789473684,0.2222222222222222,0.3333333333333333,0.015037593984962405,0.06666666666666667,0.005154639175257732,0.1111111111111111,0.4,0.16666666666666666,0.1111111111111111
20,_BZ2_blockSort,0.08306709265175719,0.0015619433864028718,0.006987258528565557,0.0019181760885649303,0.00027402515550927576,0.0003288301866111309,0.15861522487567625,0.1602990939853728,0.04740659641439715,0.0004110377332639136,0.006028553421204066,0.00038363521771298605,0.0004110377332639136,0.0004110377332639136,0.006818181818181818,0.0004384402488148412,0.0004932452799166964,0.0011783081686898857,0.00038363521771298605,0.00005480503110185515,1,0.038212896510162714,0.010152145359019265,0.03143692131210226,0.0011235031375880307,0.01895890410958904,0.0001096100622037103,0.5857947849145551,0.006137490752664602,0.005754528265694791,0.00005480503110185515,0.008136986301369864,0.0001096100622037103,0.00013701257775463788,0.003753219001698537,0.026729473626554198,0.0014796142042963613,0.002137396212972351,0.0006576603732222618,0.04489453304811676,0.0014796142042963613,0.0024112231477422183,0.004137779848190064,0.00005480503110185515,0.007615603769449923,0.0033157043816622366,0.00282214976573417,0.004740245506356861,0.0013426864690086041,0.010325655281969817,0.01076594345825115,0.00008220754665278273,0.010330748362699696,0.00008220754665278273,0.0005206477954676239,0.0002466226399583482,0.00005480503110185515,0.003562034195528277,0.00035622294075738476,0.00523359364296479,0.0004932452799166964,0.00013701257775463788,0.0003288301866111309,0.0004932452799166964
21,_fallbackSort,0.20568870160653147,0.040482954545454544,0.18085106382978725,0.048970901348474094,0.007102272727272727,0.008522727272727272,0.11776386131052391,0.13325202012501905,0.3127062706270627,0.01065340909090909,0.15460992907801419,0.009943181818181818,0.01065340909090909,0.01065340909090909,0.16863289382373353,0.011363636363636364,0.01278409090909091,0.030539772727272728,0.009943181818181818,0.0014204545454545455,0.038212896510162714,1,0.23732251521298176,0.6167773083886542,0.02911931818181818,0.42364864864864865,0.002840909090909091,0.027939487943919587,0.15618374558303888,0.1483321504613201,0.0014204545454545455,0.18888888888888888,0.002840909090909091,0.0035511363636363635,0.09668313338038109,0.4928615766604593,0.037535410764872525,0.054648687012065295,0.017045454545454544,0.5123003884333189,0.037535410764872525,0.06236711552090716,0.10567375886524823,0.0014204545454545455,0.19507042253521126,0.0859375,0.07218683651804671,0.12260807937632884,0.0347764371894961,0.263489838822705,0.2742616033755274,0.002130681818181818,0.26416430594900847,0.002130681818181818,0.013494318181818182,0.006392045454545455,0.0014204545454545455,0.09135977337110482,0.009226401703335699,0.13626685592618878,0.01278409090909091,0.0035511363636363635,0.008522727272727272,0.01278409090909091
22,_mainGtU,0.0546095126247798,0.066815144766147,0.17474048442906576,0.06724511930585683,0.014084507042253521,0.014018691588785047,0.025259067357512953,0.032842037808394745,0.08498023715415019,0.025821596244131457,0.08813559322033898,0.023474178403755867,0.013921113689095127,0.013921113689095127,0.18305084745762712,0.02336448598130841,0.013824884792626729,0.0449438202247191,0.02107728337236534,0.002364066193853428,0.010152145359019265,0.23732251521298176,1,0.2348650619985412,0.07424593967517401,0.3409090909090909,0.009478672985781991,0.007590553083536352,0.30784708249496984,0.3277310924369748,0.004739336492890996,0.12210200927357033,0.0047169811320754715,0.007075471698113208,0.21367521367521367,0.2888283378746594,0.07399103139013453,0.07526881720430108,0.046948356807511735,0.18661639962299717,0.07399103139013453,0.11038961038961038,0.21398305084745764,0.002364066193853428,0.349146110056926,0.1504237288135593,0.19683257918552036,0.25894736842105265,0.08009153318077804,0.2588597842835131,0.1919191919191919,0.004728132387706856,0.1698389458272328,0.004728132387706856,0.03278688524590164,0.011737089201877934,0.004739336492890996,0.1858974358974359,0.02107728337236534,0.3057324840764331,0.013824884792626729,0.004705882352941176,0.014018691588785047,0.028037383177570093
23,_BZ2_hbMakeCodeLengths,0.16165315197488883,0.0440251572327044,0.2022029897718332,0.04847537138389367,0.007867820613690008,0.00944138473642801,0.09935701163502755,0.11270398047887753,0.2613918806959403,0.011801730920535013,0.16484375,0.011014948859166011,0.011801730920535013,0.011801730920535013,0.19,0.012588512981904013,0.014162077104642014,0.0330188679245283,0.011014948859166011,0.0015735641227380016,0.03143692131210226,0.6167773083886542,0.2348650619985412,1,0.03225806451612903,0.43377001455604075,0.003147128245476003,0.023592115848753016,0.17938630999213218,0.16522423288749016,0.0015735641227380016,0.21247113163972287,0.003147128245476003,0.003933910306845004,0.10616705698672912,0.47368421052631576,0.0423861852433281,0.06136900078678206,0.01888276947285602,0.4774023694602896,0.0423861852433281,0.06823529411764706,0.11529411764705882,0.0015735641227380016,0.20649651972157773,0.0952006294256491,0.07993730407523511,0.12782540919719407,0.037706205813040065,0.2864864864864865,0.29044684129429893,0.0023603461841070024,0.2686682063125481,0.0023603461841070024,0.014948859166011016,0.007081038552321007,0.0015735641227380016,0.1011764705882353,0.011014948859166011,0.15184893784421716,0.014162077104642014,0.003933910306845004,0.00944138473642801,0.014162077104642014
24,_BZ2_hbAssignCodes,0.012295081967213115,0.30666666666666664,0.15057915057915058,0.3373493975903614,0.13333333333333333,0.1276595744680851,0.006426517842042956,0.006637902422834384,0.02195945945945946,0.2727272727272727,0.12987012987012986,0.2222222222222222,0.12,0.12,0.13620071684587814,0.2127659574468085,0.11320754716981132,0.3125,0.1956521739130435,0.023809523809523808,0.0011235031375880307,0.02911931818181818,0.07424593967517401,0.03225806451612903,1,0.058655221745350504,0.0975609756097561,0.0008262464229575592,0.10699588477366255,0.07264957264957266,0.04878048780487805,0.10932475884244373,0.022727272727272728,0.06976744186046512,0.1987179487179487,0.04008016032064128,0.2894736842105263,0.27956989247311825,0.4772727272727273,0.019561068702290078,0.2894736842105263,0.2815533980582524,0.17791411042944785,0.023809523809523808,0.12244897959183673,0.2558139534883721,0.14728682170542637,0.14814814814814814,0.21333333333333335,0.09,0.0827250608272506,0.047619047619047616,0.09711286089238845,0.047619047619047616,0.30434782608695654,0.13636363636363635,0.04878048780487805,0.2,0.1956521739130435,0.125,0.11320754716981132,0.045454545454545456,0.1276595744680851,0.22916666666666666
25,_BZ2_hbCreateDecodeTables,0.06996681415929204,0.04419889502762431,0.3042291950886767,0.062154696132596686,0.008534850640113799,0.00851063829787234,0.0384978001257071,0.05046086548976722,0.11597472924187725,0.017094017094017096,0.11393939393939394,0.01566951566951567,0.00847457627118644,0.00847457627118644,0.26953125,0.014184397163120567,0.008438818565400843,0.031988873435326845,0.01278409090909091,0.0014285714285714286,0.01895890410958904,0.42364864864864865,0.3409090909090909,0.43377001455604075,0.058655221745350504,1,0.005722460658082976,0.01404562308560374,0.28929068150208626,0.2911931818181818,0.002861230329041488,0.25218476903870163,0.004285714285714286,0.005714285714285714,0.1623108665749656,0.5197132616487455,0.058823529411764705,0.08823529411764706,0.032857142857142856,0.3103609939052977,0.058823529411764705,0.11898016997167139,0.18384401114206128,0.0014285714285714286,0.29658792650918636,0.15983026874115983,0.141643059490085,0.20027434842249658,0.0715307582260372,0.2460136674259681,0.20414847161572053,0.002857142857142857,0.23394495412844038,0.002857142857142857,0.022792022792022793,0.008547008547008548,0.002861230329041488,0.13972602739726028,0.017118402282453638,0.2563380281690141,0.008438818565400843,0.002849002849002849,0.00851063829787234,0.01702127659574468
26,_BZ2_bsInitWrite,0.0012618296529968455,0.03389830508474576,0.01556420233463035,0.05714285714285714,0.16666666666666666,0.14285714285714285,0.0006768189509306261,0.0006639004149377593,0.002254791431792559,0.11764705882352941,0.009009009009009009,0.125,0.11764705882352941,0.11764705882352941,0.014492753623188406,0.1111111111111111,0.1,0.044444444444444446,0.125,0.2,0.0001096100622037103,0.002840909090909091,0.009478672985781991,0.003147128245476003,0.0975609756097561,0.005722460658082976,1,0.00008060940711781066,0.017543859649122806,0.01904761904761905,0.2,0.013157894736842105,0.14285714285714285,0.125,0.0273972602739726,0.004012036108324975,0.05172413793103448,0.05128205128205128,0.12,0.0019083969465648854,0.05172413793103448,0.04395604395604396,0.026490066225165563,0.2,0.01384083044982699,0.03305785123966942,0.037383177570093455,0.022727272727272728,0.08,0.010126582278481013,0.009900990099009901,0.4,0.010610079575596816,0.4,0.15,0.08333333333333333,0.2,0.03007518796992481,0.2857142857142857,0.02072538860103627,0.1,0.125,0.14285714285714285,0.1
27,_BZ2_compressBlock,0.06210642792475606,0.0011486840514288018,0.0051791544073193346,0.0013904842512544586,0.00020152351779452663,0.00024182822135343195,0.11700693955546616,0.11873504754628979,0.035312128598191085,0.00030228527669178993,0.004433517391479585,0.00028213292491233725,0.00030228527669178993,0.00030228527669178993,0.005217671588871653,0.0003224376284712426,0.00036274233203014794,0.0008665511265164644,0.00028213292491233725,0.00004030470355890533,0.5857947849145551,0.027939487943919587,0.007590553083536352,0.023592115848753016,0.0008262464229575592,0.01404562308560374,0.00008060940711781066,1,0.004594736205715207,0.004211756645104084,0.00004030470355890533,0.005700703019559656,0.00008060940711781066,0.00010076175889726332,0.002740167633784655,0.019763084733470326,0.0010679885543868133,0.0015516998166172943,0.0004836564427068639,0.039913136147025116,0.0010679885543868133,0.0017531132873896747,0.003043005118697352,0.00004030470355890533,0.005722691276925867,0.002438434565313772,0.0020351414524059,0.0034659251198968285,0.0009672738997259391,0.007554087264816083,0.007897811983720837,0.00006045705533835799,0.007597436620853654,0.00006045705533835799,0.0003828946838096006,0.00018137116601507397,0.00004030470355890533,0.0025994438399226214,0.00028213292491233725,0.003889403893434364,0.00036274233203014794,0.00010076175889726332,0.00024182822135343195,0.00036274233203014794
28,_bsPutUInt32,0.031572556162720096,0.05166051660516605,0.25,0.08759124087591241,0.01276595744680851,0.012658227848101266,0.01824817518248175,0.024242424242424242,0.06716417910447761,0.03404255319148936,0.09803921568627451,0.01680672268907563,0.0125,0.0125,0.2695214105793451,0.025210084033613446,0.012345679012345678,0.050387596899224806,0.012552301255230125,0.004366812227074236,0.006137490752664602,0.15618374558303888,0.30784708249496984,0.17938630999213218,0.10699588477366255,0.28929068150208626,0.017543859649122806,0.004594736205715207,1,0.5698924731182796,0.004366812227074236,0.19550561797752808,0.008695652173913044,0.008658008658008658,0.1987179487179487,0.20689655172413793,0.10465116279069768,0.1724137931034483,0.05439330543933055,0.10666666666666667,0.10465116279069768,0.1474820143884892,0.3392226148409894,0.004366812227074236,0.37866666666666665,0.2375886524822695,0.3188976377952756,0.3511705685618729,0.16317991631799164,0.2435129740518962,0.22243713733075435,0.008733624454148471,0.19094488188976377,0.008733624454148471,0.04219409282700422,0.01282051282051282,0.004366812227074236,0.3079710144927536,0.047619047619047616,0.65748031496063,0.012345679012345678,0.008658008658008658,0.012658227848101266,0.029288702928870293
29,_BZ2_decompress,0.025796661608497723,0.047058823529411764,0.17632241813602015,0.08108108108108109,0.028037383177570093,0.027777777777777776,0.01257445400397088,0.01979064442263657,0.05363781200212427,0.03211009174311927,0.05134474327628362,0.03225806451612903,0.0273972602739726,0.0273972602739726,0.16826923076923078,0.0319634703196347,0.02702702702702703,0.04979253112033195,0.0228310502283105,0.009523809523809525,0.005754528265694791,0.1483321504613201,0.3277310924369748,0.16522423288749016,0.07264957264957266,0.2911931818181818,0.01904761904761905,0.004211756645104084,0.5698924731182796,1,0.009523809523809525,0.22966507177033493,0.014218009478672985,0.018957345971563982,0.20677966101694914,0.207,0.12658227848101267,0.18518518518518517,0.044642857142857144,0.09914204003813155,0.12658227848101267,0.1576923076923077,0.3272058823529412,0.009523809523809525,0.43804034582132567,0.23507462686567165,0.3432203389830508,0.34965034965034963,0.15555555555555556,0.2222222222222222,0.19455252918287938,0.014285714285714285,0.16237623762376238,0.014285714285714285,0.06018518518518518,0.02336448598130841,0.009523809523809525,0.2798507462686567,0.051643192488262914,0.6448979591836734,0.02702702702702703,0.018957345971563982,0.027777777777777776,0.045871559633027525
30,_BZ2_bzlibVersion,0.0006309148264984228,0.03508771929824561,0.007782101167315175,0.02857142857142857,0.2,0.16666666666666666,0.00033840947546531303,0.00033195020746887966,0.0011273957158962795,0.13333333333333333,0.00909090909090909,0.14285714285714285,0.13333333333333333,0.13333333333333333,0.007246376811594203,0.125,0.1111111111111111,0.046511627906976744,0.14285714285714285,0.3333333333333333,0.00005480503110185515,0.0014204545454545455,0.004739336492890996,0.0015735641227380016,0.04878048780487805,0.002861230329041488,0.2,0.00004030470355890533,0.004366812227074236,0.009523809523809525,1,0.006578947368421052,0.2,0.16666666666666666,0.0136986301369863,0.0020060180541624875,0.03508771929824561,0.02564102564102564,0.08333333333333333,0.0009541984732824427,0.03508771929824561,0.02197802197802198,0.013245033112582781,0.3333333333333333,0.006920415224913495,0.01652892561983471,0.009259259259259259,0.011363636363636364,0.0196078431372549,0.005063291139240506,0.0049504950495049506,0.25,0.005305039787798408,0.25,0.10526315789473684,0.2222222222222222,1,0.015037593984962405,0.06666666666666667,0.010362694300518135,0.1111111111111111,0.16666666666666666,0.16666666666666666,0.1111111111111111
