result,382217708,0.8814284565574301
left,birthmark,bzip2-1.0.7,/Users/tamada/researches/2026snpd_tamada_experiments/experiments/experiment0/executables/bzip2-1.0.7,op-seq,2026-04-17T04:57:47.625381+00:00,4884083
right,birthmark,bzip2-1.0.3,/Users/tamada/researches/2026snpd_tamada_experiments/experiments/experiment0/executables/bzip2-1.0.3,op-seq,2026-04-17T04:57:16.349313+00:00,1592375
matrix,,_fopen_output_safely,entry,_mySIGSEGVorSIGBUScatcher,_addFlagsFromEnvVar,_snocString,_usage,_mySignalCatcher,_compress,_uncompress,_testf,_showFileNames,_cleanUpAndFail,_cadvise,_outOfMemory,_panic,_configError,_crcError,_compressedStreamEOF,_OUTLINED_FUNCTION_0,_OUTLINED_FUNCTION_1,_BZ2_blockSort,_fallbackSort,_mainGtU,_BZ2_hbMakeCodeLengths,_BZ2_hbAssignCodes,_BZ2_hbCreateDecodeTables,_BZ2_bsInitWrite,_BZ2_compressBlock,_bsPutUInt32,_BZ2_decompress,_BZ2_bzlibVersion,_BZ2_bzCompressInit,_default_bzalloc,_default_bzfree,_BZ2_bzCompress,_handle_compress,_BZ2_bzCompressEnd,_BZ2_bzDecompressInit,_BZ2_indexIntoF,_BZ2_bzDecompress,_BZ2_bzDecompressEnd,_BZ2_bzWriteOpen,_BZ2_bzWrite,_BZ2_bzWriteClose,_BZ2_bzWriteClose64,_BZ2_bzReadOpen,_BZ2_bzReadClose,_BZ2_bzRead,_BZ2_bzReadGetUnused,_BZ2_bzBuffToBuffCompress,_BZ2_bzBuffToBuffDecompress,_BZ2_bzopen,_bzopen_or_bzdopen,_BZ2_bzdopen,_BZ2_bzread,_BZ2_bzwrite,_BZ2_bzflush,_BZ2_bzclose,_BZ2_bzerror,_add_pair_to_block,_ioError,_main.cold.1,_main.cold.2,_main.cold.3,_BZ2_bz__AssertH__fail
0,entry,0.0030786997117864257,0.1933083009573865,0.07770062358542573,0.24699284879862515,0.4939015319191967,0.4389763221484113,0.001228139008062623,0.0013181848520327222,0.005592807066224559,0.4884478069504855,0.046405959397540775,0.4495128450488811,0.4056331369014393,0.4056331369014393,0.08490141565157616,0.4652525903852519,0.3650452652813183,0.24954295359195922,0.3742828633345785,0.35415716977646383,0.00022096047209752,0.015151240773431995,0.03532521394619892,0.019183736979207278,0.3452537055723014,0.0232191832478702,0.27143541592879583,0.00016423078655714018,0.053410292107064605,0.043781324217586404,0.27312787618583134,0.04217754292520759,0.3736333896202433,0.4823619097949585,0.13344725356117493,0.01698643000200728,0.200398404674196,0.16598495829591586,0.38215471680122104,0.00999630963643272,0.200398404674196,0.19543671145276031,0.10705429253376397,0.35415716977646383,0.05930672549470872,0.1420108431298368,0.10974691386237934,0.09506064910342094,0.22293363226183183,0.04296127380055759,0.031181644938233832,0.36655002502511946,0.03478215533396245,0.36655002502511946,0.5143169023642238,0.526324544650861,0.27312787618583134,0.10643307698098814,0.3094866668800068,0.05506154938744923,0.3650452652813183,0.5614617426688514,0.4389763221484113,0.5261584249202713,0
1,_mySIGSEGVorSIGBUScatcher,0.9430551414784613,0.026988676835800418,0.061030731899613944,0.02168358912712276,0.0038108228091874308,0.005448912021458252,0.5979318319515345,0.6224221822630737,0.7040721608091425,0.005038777886432144,0.12066436264838509,0.0049435214845597875,0.007495153571631108,0.007495153571631108,0.050129153427455386,0.006257918951035779,0.009618228016257113,0.019163107976749916,0.0067125780253922684,0.0008095211301820671,0.13658507798361552,0.2845806059648862,0.08035971365384709,0.22815090595966014,0.010074848896417743,0.11809820083901124,0.0011326184747815216,0.11036820840242634,0.04963365504962158,0.053371104163585925,0.0008820305376393556,0.09234949099187251,0.0011347867711437587,0.001526731974467399,0.027953473889804625,0.19928637738980748,0.012557048272799132,0.01622875653000444,0.006697786851173948,0.2972550225316053,0.012557048272799132,0.01837823032805186,0.029572884237164754,0.0008095211301820671,0.05473635753883732,0.023807651407876107,0.02455346983627371,0.03574081304720522,0.011215066782265803,0.1291556763505397,0.16972634928131858,0.0009959577010006937,0.1586520348043099,0.0009959577010006937,0.004430491990314311,0.0028169581310083514,0.0008820305376393556,0.03830828620746407,0.0026709892020102544,0.04407056481517935,0.009618228016257113,0.0019173208111860074,0.005448912021458252,0.0059834987816029805,0
2,_addFlagsFromEnvVar,0.02668626401956642,1,0.37952076613446006,0.7590466653316716,0.26431540198803405,0.3409378184235602,0.011502858546009076,0.012134661220652543,0.04907791649810156,0.3049081195675263,0.34324871011242597,0.3323610483642011,0.4258692436172399,0.4258692436172399,0.40007111853860455,0.3844901388695632,0.5000670316791329,0.7901776350294232,0.4133105092379521,0.05970617706003423,0.0019155593458441977,0.10056385675106005,0.16018497364277628,0.13172352613758076,0.42853874625270083,0.12490649214490845,0.07381177282338236,0.0015528294913034202,0.22464042686331254,0.19577670935177438,0.07240390074593284,0.2772230386776884,0.07791299545381225,0.10599920851617306,0.3850552400417767,0.10743288090842318,0.3770085962742038,0.3596116657906978,0.36903035707184917,0.06301118644249404,0.3770085962742038,0.4423872157156772,0.31978461288666293,0.05970617706003423,0.23079890244756285,0.3718041836278667,0.3176641259489733,0.3106796112733047,0.337811408851872,0.27227555210193566,0.23369642814641722,0.07251131717609871,0.2628869118022755,0.07251131717609871,0.2817011370334771,0.19504855778064956,0.07240390074593284,0.4555382182305979,0.15340652575863012,0.22701630894496105,0.5000670316791329,0.13033209107327504,0.3409378184235602,0.372232273312738,0
3,_snocString,0.029203587075135706,0.5728648939792269,0.5894374378437004,0.5800722688015243,0.17817759524034016,0.20903784994008268,0.011504359843970802,0.012449439162665832,0.051897041938122834,0.2547630991418186,0.330854170042433,0.24633493384253113,0.2491950960563003,0.2491950960563003,0.5977165639667167,0.2595528041054397,0.28464598972817257,0.49774033292868247,0.27103016736148167,0.043126065362190213,0.0021753478920509828,0.1476360672627114,0.252228654222466,0.18619592732272383,0.5191449038817713,0.20848271623780623,0.06519474039973183,0.0016079439287892683,0.3529460174882524,0.2892444492042705,0.05395737740736395,0.3251143635425193,0.0619175865811159,0.09012685635664719,0.5870228266426484,0.1555851033147364,0.49424344793169417,0.49303266242944277,0.3701180137863359,0.09646181917683727,0.49424344793169417,0.5939362739034797,0.48680565248799057,0.043126065362190213,0.37948640483699236,0.5683657202294943,0.4589216459777974,0.46276512337596887,0.42450986483180697,0.3455317221256752,0.25997808576781056,0.05613999551400639,0.26576920551511507,0.05613999551400639,0.2545298988803285,0.1549098156715124,0.05395737740736395,0.5564483963051817,0.16113445465419618,0.3436187791767683,0.28464598972817257,0.10165681156773743,0.20903784994008268,0.2740232335521062,0
4,_usage,0.010037477327449307,0.4094744247094628,0.2611080543231411,0.5897051091549803,0.3085304070880235,0.32707165884269296,0.004089638571585952,0.004377628537861722,0.01846906244141444,0.3396581144015194,0.13499578702126103,0.3806111883633463,0.37100364603878433,0.37100364603878433,0.2841393523330409,0.37336705337550713,0.3991775021735453,0.457839942269629,0.36209665907958843,0.12127663296491231,0.0007125833453470731,0.05483530208780951,0.11682948810224414,0.07142094545789512,0.5023844267612989,0.09773446890021498,0.1498240215450024,0.0005604372761488507,0.1930115327750107,0.17154459759206586,0.10644481137483075,0.17681286152598275,0.15344952197941852,0.2204185628814429,0.37726626953950504,0.07031051404111255,0.42916115920832587,0.4723973559247512,0.42926429280083767,0.03968119626502142,0.42916115920832587,0.581401757421389,0.3415365696641923,0.12127663296491231,0.2106990833943999,0.4615004819024271,0.3155708291257072,0.31250957201716634,0.5261493286221445,0.13239801444559762,0.09914061362810278,0.1388377117588735,0.1148043028382646,0.1388377117588735,0.38531218062549877,0.2690588480615512,0.10644481137483075,0.30232346428490064,0.2570661487766809,0.2026355548160037,0.3991775021735453,0.2581757508513087,0.32707165884269296,0.41354640383363395,0
5,_mySignalCatcher,0.003764204484027922,0.26431540198803405,0.08404323998976537,0.29386250068219844,1,0.8025469509178665,0.0015871843830025378,0.0016751971875994531,0.007035693174622604,0.634225295294389,0.057631882881649776,0.7340841592506012,0.6570357860010545,0.6570357860010545,0.09431548784842136,0.7417639936750071,0.5502953846534652,0.34337666569706593,0.6870333480744863,0.3204616905274479,0.00025625634634141026,0.016590231369883468,0.03586394976894014,0.02273353688139479,0.32442611376077424,0.026280775822025038,0.30901699437494745,0.0002124642650875863,0.05721949236844459,0.05082841516790437,0.36435011619153723,0.05279288493068046,0.34447596332676844,0.38761337731175904,0.12690436877912414,0.019692216805469065,0.2172720107540338,0.16245293183001053,0.45677636148150746,0.011490558257133188,0.2172720107540338,0.18483535180748267,0.09943617686437878,0.3204616905274479,0.057216685407059376,0.12869663805619802,0.11471549300574924,0.09020465875033612,0.2051236651134899,0.047601570832740636,0.037224800021680826,0.37574681510650565,0.043629479269242766,0.37574681510650565,0.6030978052856559,0.6148296117852735,0.36435011619153723,0.12616461160683679,0.4022161352507615,0.061904277391416795,0.5502953846534652,0.5027471669973729,0.8025469509178665,0.7486840210547169,0
6,_compress,0.005327174912897248,0.3409378184235602,0.10161479704286402,0.36191780097416093,0.8025469509178665,1,0.0023274104047043,0.0024409219215846267,0.010022276750919823,0.6265985772644386,0.08108648181301548,0.7069602397004671,0.8306867049815754,0.8306867049815754,0.11483265900459216,0.835222710216904,0.7067166683715433,0.44477704336235035,0.7593426953166605,0.25166852264521167,0.00036956909198171406,0.02126935624952686,0.04290678740705811,0.029037891331903487,0.340773262423986,0.03129539951988958,0.2612038749637414,0.00031203566236182034,0.06862485119554163,0.06080065974752402,0.2788897449072022,0.07203526488725254,0.28466372787299954,0.3293955346643598,0.1441862982837584,0.025458022868826702,0.24083221556810475,0.1859062329720057,0.44780409082612294,0.01417802361399978,0.24083221556810475,0.20614613159438522,0.1160108454433958,0.25166852264521167,0.06743807932211754,0.1481630573656776,0.13309303968844588,0.1046520686303517,0.2300955337660201,0.06262597357571609,0.05214828851786124,0.29676286505523675,0.06108412215723147,0.29676286505523675,0.5679574439879402,0.5405231786569591,0.2788897449072022,0.15956019336963467,0.37367627474946075,0.07386620938408528,0.7067166683715433,0.42094338220075955,1,0.7726195647677945,0
7,_uncompress,0.6682031160522963,0.01388883899272031,0.03067345790010023,0.01113828051147181,0.0019234278449181685,0.0028099004063902866,0.9069783002955029,0.9284767692888052,0.4388035344344543,0.0024894448513507195,0.06441048213300438,0.0024571527156918016,0.003907083756988783,0.003907083756988783,0.02536094115450438,0.0031756645677734063,0.0050458871541665395,0.009948649799459086,0.0033920514745500174,0.00041839024863332686,0.2425220475321167,0.15862827692242887,0.042910538127273745,0.12481283757332151,0.0048287992827461546,0.0638500547803812,0.0005864350463438139,0.2023729298007093,0.026049014785301416,0.028565540145665813,0.0004320811874145569,0.05028024237597528,0.0005886319661870809,0.0007858980639365853,0.014117155319640862,0.11367313521919398,0.006421459780752148,0.008327659397249443,0.0031897025767388953,0.17842978486433259,0.006421459780752148,0.009144491671066901,0.01524712263150596,0.00041839024863332686,0.028645649528924344,0.012078125712081111,0.012784396547790844,0.01837636220339023,0.0057871347245317395,0.06774065911910954,0.09158317025960128,0.0005135525769778271,0.0861277671742029,0.0005135525769778271,0.0021944344090240042,0.0013972957492307536,0.0004320811874145569,0.019995573493308938,0.0013861930302773162,0.02331755955782977,0.0050458871541665395,0.0009873821871333455,0.0028099004063902866,0.003006347061806691,0
8,_testf,0.7290919165134394,0.015619002528490467,0.03526377359118238,0.012507072398749819,0.002161843639279737,0.003137802070390494,0.8430296858803641,0.873447287113586,0.4820265612078426,0.002865828256544467,0.07240611710142175,0.002771955657810188,0.004352613721859799,0.004352613721859799,0.028993470443559377,0.003578948357350731,0.005613952772960729,0.011149706131977855,0.0038034149361185765,0.0004725869412678385,0.2219249573176575,0.17986651005302856,0.04817947454269422,0.14075694017114404,0.005651725123320239,0.07208360375530232,0.0006593351762407273,0.18201445639187652,0.02951625954358228,0.03197015611406773,0.0004903957133964854,0.05580915746729331,0.000663813123262802,0.0008889626183296029,0.016029098315552215,0.12624845618112723,0.007264607912314647,0.009439036611842644,0.0037114749165365613,0.19815962416828292,0.007264607912314647,0.010418439949889668,0.017241101293899996,0.0004725869412678385,0.032367250492109645,0.013736813759859245,0.014399949599459227,0.020794858817814732,0.0065318477953746346,0.0772001934520119,0.10319642651191752,0.0005810389972097374,0.09604110539985056,0.0005810389972097374,0.0025042775545901508,0.0015973776134526885,0.0004903957133964854,0.02258398857069377,0.0015587635693044,0.026162209393074343,0.005613952772960729,0.001116396728915614,0.003137802070390494,0.0034023039109207787,0
9,_showFileNames,0.7160079396371607,0.047077863750337956,0.1040096646169345,0.03787377230532196,0.006723908779207921,0.009588662861593655,0.3907966967258074,0.40861359211295334,0.9741929302341558,0.008919651866956091,0.20362478691378882,0.008710167071786845,0.01317170781762822,0.01317170781762822,0.08568658322806477,0.011032180779775969,0.016882271236384194,0.03355396346472905,0.011788253651076164,0.0014401597239581676,0.08004701790344237,0.42370868720922206,0.12941838803938666,0.35184537307583796,0.017742882704213758,0.1842759792709734,0.001994327822290587,0.06407172251949311,0.08321823750819013,0.08840646065162627,0.001558677943743092,0.15418393843192435,0.002012623730312746,0.0027137605431336587,0.04834397246555444,0.30046891890222893,0.02215347137159185,0.028410842755449917,0.011810967786649917,0.3960206127994057,0.02215347137159185,0.03198204934995419,0.05068572222861323,0.0014401597239581676,0.0915392795505392,0.04115861313329161,0.04231599454154367,0.06097568133283504,0.019624883753601052,0.21561281413848699,0.28034063696306555,0.0017749714928004812,0.2625160694678722,0.0017749714928004812,0.007851024914581783,0.004999380969458289,0.001558677943743092,0.06619485727520691,0.004731005753190742,0.07380642322287168,0.016882271236384194,0.003411115336549919,0.009588662861593655,0.010565639918086234,0
10,_cleanUpAndFail,0.0051408144572762104,0.3049081195675263,0.11809418184919429,0.3205844133772291,0.634225295294389,0.6265985772644386,0.00204675537717669,0.0022018359190618675,0.009308005940145803,1,0.07609764674583164,0.6646645379986185,0.5626706934046567,0.5626706934046567,0.1303946032482658,0.6961419190655196,0.49589896412040557,0.3837550284609872,0.6114537099234484,0.2357900766327069,0.0003758881565869565,0.02415321211830479,0.045847560367086704,0.030574869074812994,0.5017912499512474,0.03347930662173426,0.2708131845707603,0.0002800149123207696,0.07375610477925143,0.058732291768160305,0.2946661793642723,0.06365404925594731,0.2708131845707603,0.36507623307909454,0.1547877140611854,0.02472239006866417,0.2625207952709696,0.19968004874402734,0.6021922524897403,0.014968968544955219,0.2625207952709696,0.22547517239671366,0.12526794954326348,0.2357900766327069,0.07273504546570997,0.16398072065005687,0.13616790804606393,0.11025497796010919,0.25217245866902405,0.06893548872552047,0.05224411301259324,0.2835654011859956,0.054265906516427154,0.2835654011859956,0.6460566826899253,0.6365945619875063,0.2946661793642723,0.16149938321695856,0.3962866467222588,0.07333643961345171,0.49589896412040557,0.37056331761553873,0.6265985772644386,0.6816942671462833,0
11,_cadvise,0.11965669879166929,0.34324871011242597,0.48987699698255927,0.27921278181398657,0.057631882881649776,0.08108648181301548,0.053713606020182936,0.056622597961251464,0.2112327564837061,0.07609764674583164,1,0.07312671177224939,0.10971982106908296,0.10971982106908296,0.4369652716317889,0.09296582011336019,0.13837786980660138,0.2592381676202471,0.09727767004677879,0.012825053663397479,0.00942235914407119,0.35800852129912675,0.322428108692725,0.41773124671700235,0.14001949989427576,0.31472029781197086,0.0173742479534138,0.007472298661465149,0.33308796792227824,0.3099460713890314,0.013491088786786176,0.5506395972226411,0.01766862355979404,0.02394856929203193,0.27877358148327236,0.34383331119940796,0.16207101522225775,0.19281916781224928,0.09611585595210181,0.2177661269826182,0.16207101522225775,0.2140281058914949,0.2771829726358239,0.012825053663397479,0.34192815293117473,0.25148064488190847,0.24739994702910095,0.30396480007133864,0.14494163006409666,0.7001378045884915,0.7481405078044148,0.01590498459141454,0.7710713631546593,0.01590498459141454,0.06697689830365083,0.04339810885097872,0.013491088786786176,0.4003889667425009,0.04064689517062048,0.30476171663049056,0.13837786980660138,0.030183735554002222,0.08108648181301548,0.08931701561548167,0
12,_outOfMemory,0.004923933093383903,0.3323610483642011,0.11762078076079563,0.362054425272756,0.7340841592506012,0.7069602397004671,0.0020214066997812363,0.002143730480486661,0.009117541943353569,0.6646645379986185,0.07312671177224939,1,0.6211128560119932,0.6211128560119932,0.13147201299051847,0.7499217894246828,0.5423288088633964,0.4072872171983287,0.7927547380914427,0.2306058261114572,0.00033041988671644873,0.022727755089135493,0.04898228692426154,0.03114533600432623,0.4422441759134069,0.03581176436113731,0.26510341124076875,0.00026973108047667615,0.07450857051950344,0.06533763195124187,0.32718431277568216,0.06870600785443359,0.26510341124076875,0.368029524490168,0.18024769387806083,0.02573722112299892,0.28836794262784715,0.2132716814751312,0.6057766633861218,0.0159419772592716,0.28836794262784715,0.2628349123716567,0.13725321015320924,0.2306058261114572,0.07945169934506302,0.17801359717785903,0.14940908721261947,0.12493752808018788,0.2737559836712159,0.06468165851161467,0.048336896481899094,0.2725146271947043,0.056070156901844914,0.2725146271947043,0.6794019007175187,0.5915022150384623,0.32718431277568216,0.15868212951672478,0.3751785950274993,0.08026029529447487,0.5423288088633964,0.3584286845676543,0.7069602397004671,0.7324345318901452,0
13,_panic,0.007293421029153202,0.4258692436172399,0.12575233456782509,0.4486226329275258,0.6570357860010545,0.8306867049815754,0.0032425957919083315,0.0033914194392121733,0.01375592423172245,0.5626706934046567,0.10971982106908296,0.6211128560119932,1,1,0.14200641687864834,0.7861812526274221,0.8695523550459119,0.5535944227334153,0.7257324085362635,0.20332550311868713,0.0005125089063611199,0.027657666346824206,0.053818797184643885,0.037470203921344036,0.35431580172725685,0.039139919779446974,0.20942771453851883,0.00043491535339901244,0.08588786702886564,0.0762002465608359,0.20332550311868713,0.09587091702060824,0.23767161214935584,0.2792499213700558,0.17027600216925098,0.03332165849187474,0.269842247937076,0.21702906688624213,0.4255184659258603,0.018031518969640725,0.269842247937076,0.2385005603510426,0.14148735269730728,0.20332550311868713,0.08379537172916252,0.17785437365110923,0.15985063930282883,0.12792301715703724,0.2604787805956261,0.08167809032663609,0.07046182452102301,0.23818624914369135,0.08255432968828669,0.23818624914369135,0.507404438113705,0.4478422202284327,0.20332550311868713,0.20116626682754213,0.3312756976852409,0.0919074836816477,0.8695523550459119,0.3758472891399033,0.8306867049815754,0.7297698217000457,0
14,_uInt64_toAscii,0.007293421029153202,0.4258692436172399,0.12575233456782509,0.4486226329275258,0.6570357860010545,0.8306867049815754,0.0032425957919083315,0.0033914194392121733,0.01375592423172245,0.5626706934046567,0.10971982106908296,0.6211128560119932,1,1,0.14200641687864834,0.7861812526274221,0.8695523550459119,0.5535944227334153,0.7257324085362635,0.20332550311868713,0.0005125089063611199,0.027657666346824206,0.053818797184643885,0.037470203921344036,0.35431580172725685,0.039139919779446974,0.20942771453851883,0.00043491535339901244,0.08588786702886564,0.0762002465608359,0.20332550311868713,0.09587091702060824,0.23767161214935584,0.2792499213700558,0.17027600216925098,0.03332165849187474,0.269842247937076,0.21702906688624213,0.4255184659258603,0.018031518969640725,0.269842247937076,0.2385005603510426,0.14148735269730728,0.20332550311868713,0.08379537172916252,0.17785437365110923,0.15985063930282883,0.12792301715703724,0.2604787805956261,0.08167809032663609,0.07046182452102301,0.23818624914369135,0.08255432968828669,0.23818624914369135,0.507404438113705,0.4478422202284327,0.20332550311868713,0.20116626682754213,0.3312756976852409,0.0919074836816477,0.8695523550459119,0.3758472891399033,0.8306867049815754,0.7297698217000457,0
15,_configError,0.006201074415319363,0.3844901388695632,0.12567227076765863,0.4050941092220455,0.7417639936750071,0.835222710216904,0.0026232316157530633,0.0027730366426994557,0.011527204244793698,0.6961419190655196,0.09296582011336019,0.7499217894246828,0.7861812526274221,0.7861812526274221,0.1388719529292447,1,0.6951931046978432,0.48731688364444437,0.7974494493790454,0.21919572940512477,0.0004329421943874978,0.026186388376152503,0.050213626499292285,0.034889287448004125,0.43729987814325966,0.036940197106331896,0.23582845781093997,0.0003524036871381808,0.08032949835136893,0.06780769459454816,0.2614330998963238,0.0804812920087179,0.2542449362325032,0.315728541490348,0.17381628094175194,0.029232791117894785,0.2743838126553506,0.21499965182811032,0.5448628643807478,0.01685852441917801,0.2743838126553506,0.24749085248641223,0.136436134999393,0.21919572940512477,0.08003791100242919,0.17786986659925585,0.1500922253251311,0.12337710603402674,0.26036146778781,0.07553912003068974,0.060645313221437847,0.2593550529230434,0.0693524775063944,0.2593550529230434,0.6131401974831584,0.5550947906822545,0.2614330998963238,0.18064472550992616,0.3544891634191919,0.08315837093087175,0.6951931046978432,0.379143042354128,0.835222710216904,0.8153150351378485,0
16,_crcError,0.009336012387154424,0.5000670316791329,0.14951660318211957,0.5221173836106452,0.5502953846534652,0.7067166683715433,0.004192611043471239,0.004378435204546283,0.017621596375973048,0.49589896412040557,0.13837786980660138,0.5423288088633964,0.8695523550459119,0.8695523550459119,0.16836734656819974,0.6951931046978432,1,0.6431891931316751,0.6585089622806835,0.16724930548302308,0.0006616438622769616,0.034312902007910706,0.06513351294571179,0.04620720965313607,0.357466753268495,0.04737483946718968,0.17253779651421453,0.000562667575175313,0.1032565044866236,0.09184619673170813,0.15739392463172952,0.11975086257780598,0.19997514953685291,0.23779821615442298,0.19477223757495654,0.04148990699145361,0.29167489945265446,0.2432504731967302,0.3980295407026333,0.022092742180933045,0.29167489945265446,0.26611886900151105,0.16581829463176745,0.16724930548302308,0.10034062857331516,0.2050500354725867,0.1848535982123084,0.1505824957537799,0.28296731598202796,0.1009469254237757,0.0890492293762214,0.19545533413759075,0.10426654108556588,0.19545533413759075,0.4490491724598058,0.3754200518211982,0.15739392463172952,0.24009979151621208,0.2928546974687053,0.10997572768139607,1,0.32909351362357264,0.7067166683715433,0.654522006989122,0
17,_compressedStreamEOF,0.020054237130502583,0.8043177641000051,0.31286393635446175,0.7504304894242428,0.3265833833188032,0.4218202759001918,0.00865757616331686,0.009145110291424952,0.03704398962420197,0.3893387482087004,0.27386080714130034,0.3887897587551077,0.5242731804489922,0.5242731804489922,0.3337503264612016,0.4707327168925507,0.6082370449222521,0.9207637887800889,0.47172917247742563,0.08092245843321233,0.0014601190123848529,0.07867053241979094,0.13028957277800945,0.10073376369810172,0.480812127472638,0.100444847479632,0.09883711312878285,0.0011766861739568313,0.19911922574641439,0.16945763090754729,0.08601433994943941,0.22479020785598536,0.10374811910123982,0.14337988555135317,0.3486528277679295,0.08667909053311418,0.40860791582415557,0.3588593410676134,0.4138435807071841,0.04879978864924561,0.40860791582415557,0.4197213579149168,0.3030691453099177,0.08092245843321233,0.2049743632790293,0.35529594801502484,0.3134504566082994,0.2807917737413749,0.3806276977726516,0.22094561753710273,0.1878064979541879,0.10109296749718699,0.2058521664077656,0.10109296749718699,0.3516689510597101,0.24791827025562685,0.08601433994943941,0.43911352834974926,0.20650087884409585,0.20110860717243628,0.6082370449222521,0.1782765806104416,0.4218202759001918,0.4602437216378952,0
18,_OUTLINED_FUNCTION_0,0.006627556538072232,0.4133105092379521,0.1363154539990704,0.4171517532958503,0.6870333480744863,0.7593426953166605,0.0027998665322387373,0.002951013937889213,0.012317343797700664,0.6114537099234484,0.09727767004677879,0.7927547380914427,0.7257324085362635,0.7257324085362635,0.15303005303031547,0.7974494493790454,0.6585089622806835,0.49523356858976086,1,0.17409993529524415,0.00045065418265910484,0.02767127057407648,0.055974587830394995,0.038494412173088244,0.43488510999842456,0.041490518000561694,0.21089672205953391,0.00037352430778403445,0.08530061442064452,0.07558846114760898,0.25448401732747095,0.08734147533264724,0.21089672205953391,0.25463666914563343,0.18453045641181098,0.03134470526066235,0.28943183786031645,0.22904910814025814,0.5810914239165537,0.018737585921284716,0.28943183786031645,0.2648825984541653,0.14202380658070812,0.17409993529524415,0.08405630549779342,0.18420965479922446,0.15808238527253404,0.1305271333688942,0.2595825049335695,0.07852375653794763,0.06284536299882959,0.21000313821535,0.07380225378925953,0.21000313821535,0.5712819245487382,0.48446337779155724,0.25448401732747095,0.18364414482498403,0.3326582691833131,0.09171684800648716,0.6585089622806835,0.3009373440843487,0.7593426953166605,0.737715508089904,0
19,_OUTLINED_FUNCTION_1,0.0008028776173762964,0.05970617706003423,0.018903334226350044,0.07925698924688374,0.3204616905274479,0.25166852264521167,0.00034720138661448186,0.00036580788205886616,0.0014991776562098824,0.2357900766327069,0.012825053663397479,0.2306058261114572,0.20332550311868713,0.20332550311868713,0.02210260048762036,0.21919572940512477,0.16724930548302308,0.08431814841078156,0.17409993529524415,1,0.00005921212630344286,0.0036387360205270003,0.009332189540838365,0.004691108200208127,0.09657969325936255,0.006481704869358174,0.41421356237309503,0.000046543840111046286,0.01615682476141167,0.014084245346169477,0.5,0.012524393311529547,0.5857864376269049,0.5733828095654676,0.03591745147424541,0.0045596999661154936,0.0650784944059003,0.049803812750244925,0.13507810593582126,0.002530078805467184,0.0650784944059003,0.05556719004351951,0.028536569673199508,1,0.015228720137353102,0.03785852081224106,0.033312871405168365,0.025569126632395633,0.07462634915296851,0.010793248045465775,0.008168781004437409,0.6821627548042177,0.009290494156684481,0.6821627548042177,0.24044453606092742,0.36586292400589837,0.5,0.031056995322343295,0.23166247903553994,0.017159825972285492,0.16724930548302308,0.527342130341413,0.25166852264521167,0.2283875166123801,0
20,_BZ2_blockSort,0.7647812440186493,0.024667489663836695,0.07006382239917952,0.019894533790204005,0.003515847194610844,0.004748881554845319,0.490470938962945,0.5214897432273922,0.6055545830656099,0.005431505923075619,0.11239857900007255,0.004725968654744728,0.006378003625813089,0.006378003625813089,0.05685836727589266,0.005824207612530219,0.008084991038582623,0.017081381523239014,0.006110035932496816,0.0008003452755096507,0.13268775314436287,0.32644090341702814,0.09123300315862282,0.2521777217412601,0.0123921411049146,0.1425894469668617,0.0012394834572960756,0.09832725544399656,0.05875493578469404,0.059873198142314954,0.0009127570289788611,0.08621446548323353,0.0011611987159491077,0.0015287594829705986,0.030763077419732165,0.20769397558119862,0.013640281286894762,0.018302799725623986,0.007978546891093008,0.3345550926355757,0.013640281286894762,0.020236032725250985,0.032509634664066644,0.0008003452755096507,0.0611504647607084,0.02687151312155811,0.027100203328432437,0.039170747410552265,0.012234766471234226,0.1367063533372499,0.1658852903196767,0.0010192626618058531,0.14256058207479105,0.0010192626618058531,0.004705912771367449,0.002888253378928729,0.0009127570289788611,0.03931389294192422,0.0029654147326845237,0.04999483174467578,0.008084991038582623,0.0019090189682177128,0.004748881554845319,0.005772241907041731,0
21,_fallbackSort,0.27375839944953295,0.10958190706077453,0.31347829708644026,0.0963807142452342,0.01810848674493193,0.023088208714489467,0.12264334835333746,0.13174827945926904,0.4160656082275258,0.026777778055042112,0.3827092628152924,0.02490906183885766,0.029932686075198167,0.029932686075198167,0.27084702597010757,0.02869100789550183,0.03705962827986353,0.07877137912705479,0.03026206536762266,0.0039918522254701605,0.025229611077240977,0.9284234747578008,0.40293753651800424,0.7668289320536077,0.0647645196748795,0.5527705753207436,0.007529085032786931,0.018905287964313566,0.29729923064514086,0.30041466091013425,0.0047557794338699555,0.32541080982209103,0.00624658562293956,0.00809795177820416,0.17164658036890312,0.6209326659506101,0.07436662718987552,0.09967844786899394,0.042383234539733916,0.6335410560515707,0.07436662718987552,0.11402490950824917,0.1877390157321832,0.0039918522254701605,0.31531876252978686,0.15150047716967419,0.16020543000225074,0.22027558795275748,0.07514181842805079,0.5230249371283493,0.5450486102440291,0.005890861258408542,0.4692502641434937,0.005890861258408542,0.027315213791468174,0.014411390003414293,0.0047557794338699555,0.19935982856031664,0.01858009874032085,0.26419843211222016,0.03705962827986353,0.009703137362284786,0.023088208714489467,0.029913354299183514,0
22,_mainGtU,0.08033506487014996,0.16018497364277628,0.38574421410383464,0.16240127685676164,0.03586394976894014,0.04290678740705811,0.035715882404457444,0.03788919221814746,0.13585858685175978,0.045847560367086704,0.322428108692725,0.04898228692426154,0.053818797184643885,0.053818797184643885,0.392489204789067,0.050213626499292285,0.06513351294571179,0.12632943677013386,0.055974587830394995,0.009332189540838365,0.0065572485088090104,0.3943308837793159,1,0.4317043546752398,0.11474157339779911,0.5805235363152121,0.01987595576683099,0.005472917177861025,0.5915304845082677,0.6057508845698845,0.010203489454754244,0.3591512043461953,0.013780056652958783,0.018599598606241052,0.3430889809818549,0.4807098542834748,0.16622072213229366,0.19422093744444247,0.07844695478260388,0.3576886068388768,0.16622072213229366,0.21539198946812277,0.3916815737809287,0.009332189540838365,0.5693853371418853,0.2898175799703455,0.37861931782358627,0.4375037042300942,0.17932035293816606,0.45765886627194163,0.3923191586286381,0.013810683120480616,0.3687272733772643,0.013810683120480616,0.0577208056754982,0.02472422057133028,0.010203489454754244,0.36699197416248264,0.04853367090696448,0.5834756133692396,0.06513351294571179,0.02381853167834347,0.04290678740705811,0.05790868881618905,0
23,_BZ2_hbMakeCodeLengths,0.1539711211960325,0.2217571363614269,0.5565101487091284,0.19178144008470466,0.03830856762617019,0.04959079060358884,0.06581830698840807,0.07055353832615152,0.25792809919007964,0.05494820939267453,0.6117961035043675,0.05215757413684963,0.06436003260104473,0.06436003260104473,0.454052530023882,0.0608137626846188,0.07943536454003897,0.16127715394330777,0.06462423380746629,0.008294862640565448,0.012656298608126448,0.5573464136766068,0.4126313865663205,0.6518028942666381,0.12428467719782166,0.5100711565226852,0.01355003261279164,0.009485080701808313,0.38327247482597504,0.36189458288575516,0.010162042715064157,0.5494297336975449,0.012585841915828788,0.016407002980784235,0.2939713144102858,0.5010097620536876,0.15657474457092102,0.1976295856113015,0.08267920797024397,0.36056600805002015,0.15657474457092102,0.20425156260296395,0.2772760921394475,0.008294862640565448,0.4102629122549081,0.25560409692588304,0.2417902846272284,0.3143492065618788,0.1259027260746366,0.7355502363384236,0.6989212730118237,0.011084576998895646,0.649465691207605,0.011084576998895646,0.05314001985382877,0.031640110907706576,0.010162042715064157,0.329892433911243,0.0356239615571875,0.3450441081303529,0.07943536454003897,0.020191613790500496,0.04959079060358884,0.06146513542970322,0
24,_BZ2_hbAssignCodes,0.010533118955800114,0.42853874625270083,0.2725508525827788,0.45199541358936235,0.32442611376077424,0.340773262423986,0.003947165725130541,0.004317166081461266,0.018582869732506113,0.5017912499512474,0.14001949989427576,0.4422441759134069,0.35431580172725685,0.35431580172725685,0.29170031178413725,0.43729987814325966,0.357466753268495,0.44996091594486654,0.43488510999842456,0.09657969325936255,0.0007853319115369573,0.058628883843103496,0.11474157339779911,0.07248498380032364,1,0.08897757243330584,0.15651468115594136,0.0005525529992063127,0.18304524465903915,0.1442365995840139,0.13346968282648086,0.13298193551017945,0.12638076212467675,0.19328217399536107,0.3445506683466052,0.060450058554334496,0.42384664811140016,0.4005520341902028,0.685875269674207,0.03788627642264064,0.42384664811140016,0.4720513061614051,0.29354922416067064,0.09657969325936255,0.17981608763264745,0.3785190170476046,0.2948979110110872,0.25952868366333415,0.4507864387613518,0.14913129627815402,0.10613557488867753,0.12849590973644776,0.10583899767546678,0.12849590973644776,0.48291566657355245,0.321564615175595,0.13346968282648086,0.31034730601245597,0.29631123630302103,0.17755057040904576,0.357466753268495,0.1846221443088213,0.340773262423986,0.4548665764012212,0
25,_BZ2_hbCreateDecodeTables,0.04584711889285109,0.26960025323333425,0.6488948763547002,0.29419251799468993,0.06832115821606233,0.0811331601816756,0.019094007763894028,0.020517867171240822,0.08059617773750294,0.09156798852970782,0.3357866209156798,0.09411164054388288,0.10034946416313528,0.10034946416313528,0.601170163553473,0.09732645193540479,0.1194560230241064,0.21995445059476104,0.10623126491621304,0.01872746184195162,0.003621679211602169,0.2542421795108424,0.42020463352011295,0.31262954882284766,0.2337360526401554,0.45351702479480327,0.04237345166511397,0.0028139632284233107,0.5929593457485731,0.5779081201571354,0.02105339144997498,0.5708553676011773,0.027167820426220235,0.03737936122000696,0.5167080997896052,0.3392378926928191,0.27307090013178625,0.44046141444018105,0.14941410543330147,0.19795219611535075,0.27307090013178625,0.4703227704111218,0.5640795959363767,0.01872746184195162,0.5783582535020244,0.6019301557593086,0.4958585723927532,0.5844648177277567,0.3340899197531183,0.41423413780599805,0.3386264777642535,0.02756751564131721,0.35932900918179256,0.02756751564131721,0.10594154993427796,0.05274049026264016,0.02105339144997498,0.48152584028043366,0.0954998407157831,0.5721335167626038,0.1194560230241064,0.04362527388254267,0.0811331601816756,0.10614780137615143,0
26,_BZ2_bsInitWrite,0.0011196843367718978,0.07381177282338236,0.031308804467246265,0.09359757443742989,0.30901699437494745,0.2612038749637414,0.0004854036044434906,0.0005127625720385831,0.002107879792202283,0.2708131845707603,0.0173742479534138,0.26510341124076875,0.20942771453851883,0.20942771453851883,0.04078849843187593,0.23582845781093997,0.17253779651421453,0.10245806914542976,0.21089672205953391,0.41421356237309503,0.00008469113286868613,0.007073591342711905,0.01987595576683099,0.008779399728288673,0.15651468115594136,0.01523728886369402,1,0.00007073746322094898,0.03984779360120527,0.03535630202522633,0.41421356237309503,0.023929983161793178,0.38762756430420553,0.43050087404306037,0.059319029453758665,0.01034571683133989,0.0971431522459425,0.10686539942704365,0.20113494410419064,0.005627701001740593,0.0971431522459425,0.09949822259201713,0.06193957564445551,0.41421356237309503,0.03170803581894033,0.078456328497714,0.07255467184029196,0.052799315761139054,0.16394060518578912,0.018437865116761376,0.013831194206375463,0.5358983848622454,0.014640614805187635,0.5358983848622454,0.34359524346885384,0.3218345439752258,0.41421356237309503,0.060327109978300375,0.4407436665979799,0.042263397879171105,0.17253779651421453,0.3218345439752258,0.2612038749637414,0.24470503915746744,0
27,_BZ2_compressBlock,0.4459988098612696,0.011416076150273846,0.035245758353619316,0.010405689553041442,0.001858355350487062,0.0024581822422088395,0.487745359018959,0.4980164923249627,0.3201693003457825,0.002433619086544825,0.05104317719202256,0.0024124158266290996,0.0032703497223897093,0.0032703497223897093,0.03114249466615593,0.002841123843289717,0.004125440360390864,0.008490923477753265,0.0030352445030007447,0.0004255363669486423,0.17864026371613762,0.19244057521709457,0.07597126202507554,0.14568704401383525,0.005882833445611579,0.11008118634889841,0.0009614853194546136,0.15231607883480625,0.04694144077867879,0.053084014274308755,0.00043528949885007773,0.05093333478522588,0.0006529559933443618,0.000821773961346639,0.020620846627178224,0.1607859617877776,0.00862166058077296,0.011749995561655902,0.0038195005888247424,0.27527415094905916,0.00862166058077296,0.012472351067239651,0.025138937254984173,0.0004255363669486423,0.04801182742322185,0.018325030931109598,0.02258024282001303,0.029942170086559083,0.009453848686310828,0.06896389202877706,0.08292855445790248,0.0006545301314236918,0.07375082795463339,0.0006545301314236918,0.002755291339209265,0.0012546734704645957,0.00043528949885007773,0.025881504339575256,0.0023029130245642015,0.04359547816717113,0.004125440360390864,0.0010985054440639797,0.0024581822422088395,0.0030268654561119712,0
28,_bsPutUInt32,0.0496398915867573,0.2093414187339515,0.42905010005649635,0.22298873853609036,0.0545635209043458,0.06533329460747517,0.02207858977790811,0.023390004187266444,0.0880210841437512,0.06559065967995703,0.31449018394541695,0.07081986723755473,0.08169338802933312,0.08169338802933312,0.4702313306046467,0.07446148434902355,0.09823080959042485,0.17876845278331133,0.08113563055755002,0.015097941823427274,0.004005040498933021,0.2839925924017286,0.6194256446410432,0.3232432926031297,0.16241604062460335,0.5212359271253408,0.03733698675175945,0.003382361213046692,0.9020904653066806,0.8711212143144967,0.015097941823427274,0.41656847541759723,0.021564081662307832,0.02862182542827063,0.4371798929229116,0.3932849230960924,0.2329062633789316,0.318404073183186,0.11213530655455295,0.2468729307122809,0.2329062633789316,0.32497452963869966,0.579984832343114,0.015097941823427274,0.6778234242305663,0.44507465628739185,0.5747927237771367,0.6188559384223214,0.3009836562526431,0.4316297982829356,0.3592855927872246,0.024618251765528454,0.34190135493019336,0.024618251765528454,0.0899360003723183,0.03555400568598166,0.015097941823427274,0.5273598093949314,0.08335024240635414,0.8783798583884556,0.09823080959042485,0.03748574039747121,0.06533329460747517,0.0857159068398865,0
29,_BZ2_decompress,0.565762888837517,0.017185063160153113,0.054964175977843865,0.0152804717469891,0.002718992193703418,0.0035854418544235545,0.4791661712385644,0.5005542412779102,0.4380349739680002,0.0037969505033293993,0.07689574391668075,0.0035683074047931918,0.004750508240862206,0.004750508240862206,0.04583321097585025,0.004245724057405198,0.005975644237747213,0.012594944634842786,0.004473613263031084,0.000602873513248503,0.14524502196759093,0.2756202111134085,0.09480344440953681,0.20886960795474496,0.009240424494527666,0.15253007155444953,0.001308165819039253,0.1165875012593468,0.0617372605594142,0.06942908987440533,0.00064141992718314,0.07526046950002452,0.0008698722533917458,0.0011818228250279894,0.030582425712750716,0.22355496726869128,0.01219165072967876,0.01765218757636644,0.005646668825598389,0.36924211599099954,0.01219165072967876,0.019183039979200234,0.03587643067483859,0.000602873513248503,0.06755250986591355,0.02755177053631841,0.031116423314894837,0.04273715024397029,0.013437696129549592,0.10446058424705418,0.1239230929125873,0.0009763595137647352,0.11004102525899961,0.0009763595137647352,0.00410393763709449,0.0019319416568537306,0.00064141992718314,0.0369207550338454,0.0032542879848901363,0.055991413961075986,0.005975644237747213,0.001507065766710558,0.0035854418544235545,0.0045257735992890735,0
30,_BZ2_bzlibVersion,0.0008914413789141706,0.07240390074593284,0.02433599292723676,0.07925698924688374,0.36435011619153723,0.2788897449072022,0.0003549106966438398,0.00037785276986856964,0.001624624287678622,0.2946661793642723,0.013491088786786176,0.32718431277568216,0.20332550311868713,0.20332550311868713,0.028338948715804557,0.2614330998963238,0.15739392463172952,0.0898013225704084,0.25448401732747095,0.5,0.00006076716831349138,0.004282135462088554,0.010203489454754244,0.00596656374504545,0.13346968282648086,0.007373897280259389,0.41421356237309503,0.00004700646620670046,0.01615682476141167,0.013987743045282164,1,0.013230545756549472,0.41421356237309503,0.4492395754137526,0.04092334229288774,0.004671527201644654,0.07359731900617572,0.055039093292147956,0.2123660622414092,0.0030361435992067864,0.07359731900617572,0.06444572141911553,0.028536569673199508,0.5,0.015228720137353102,0.03974076874309462,0.03280661992841627,0.026078100745661748,0.07462634915296851,0.012371053032734003,0.008632238092788347,0.4494897427831782,0.009947553103411999,0.4494897427831782,0.29113990698396175,0.4407436665979799,1,0.03017211568160094,0.23166247903553994,0.01730963775183525,0.15739392463172952,0.2989350844248255,0.2788897449072022,0.2479251810533546,0
31,_BZ2_bzCompressInit,0.04968274333462197,0.2137080454198288,0.5442707989974047,0.2359773168562067,0.05271778197700394,0.06360082485278251,0.021850752525711892,0.023195676478558802,0.0879893335122961,0.06410398426738884,0.3114715347217092,0.07220203573180273,0.0801266770508654,0.0801266770508654,0.4663657570909636,0.07328369506739207,0.09682351221853791,0.17534636847893414,0.08189995842403919,0.015355799030027262,0.003928853164638535,0.24209611361117267,0.3626806453141904,0.31467008726188195,0.15986691544849074,0.42995837748320986,0.031542112103900455,0.003163405610914549,0.4642290767892777,0.5026227510049031,0.01618149661840862,0.6730703811587482,0.0216488159631667,0.030522264060614868,0.4458887453693877,0.3555996979688575,0.2748702335807358,0.41588966344281764,0.1018786786542416,0.19999586651703505,0.2748702335807358,0.37914837006318125,0.44825443617434313,0.015355799030027262,0.5174434574126834,0.48040501108938094,0.3933035841524293,0.47567234064423725,0.2630143071359551,0.36321261262812143,0.31881631225577156,0.020774837260341683,0.35808806063438636,0.020774837260341683,0.07821667764887075,0.04191663679291746,0.01618149661840862,0.37725819876788036,0.0760800854790431,0.46388772375137854,0.09682351221853791,0.03715781923014627,0.06360082485278251,0.08063333013371055,0
32,_default_bzalloc,0.0011257899155231454,0.07791299545381225,0.026758955604017864,0.1021245977199643,0.34447596332676844,0.28466372787299954,0.0004890825076945271,0.000514823409372589,0.0020953433540380484,0.2708131845707603,0.01766862355979404,0.26510341124076875,0.23767161214935584,0.23767161214935584,0.03386958434880283,0.2542449362325032,0.19997514953685291,0.10773777336952806,0.21089672205953391,0.5857864376269049,0.0000840029386838248,0.005730124759522615,0.013780056652958783,0.007354161045303731,0.12638076212467675,0.009757925313542803,0.38762756430420553,0.00006631772865173247,0.023092730811517304,0.01978170432785986,0.41421356237309503,0.017667037821761045,1,0.5186853906333211,0.04713996269707599,0.006502503218070221,0.08677706232277538,0.06773164394448072,0.19095790890682018,0.0037338597230706094,0.08677706232277538,0.07202085118985857,0.038801315233915834,0.5857864376269049,0.020922401182961847,0.051503094744417055,0.045181559370726654,0.03422248983879694,0.09734845530844616,0.014835603942774833,0.01145344800430037,0.5358983848622454,0.012868107048525701,0.5358983848622454,0.27431723732720004,0.3761785115301143,0.41421356237309503,0.042233601895586004,0.26776157694336666,0.02573393375691413,0.19997514953685291,0.502362604962437,0.28466372787299954,0.26207046297961667,0
33,_default_bzfree,0.0015189309822003505,0.10599920851617306,0.03882599322198654,0.1420317051567218,0.38761337731175904,0.3293955346643598,0.0006507998774949453,0.0006882357781808901,0.0028358635686044353,0.36507623307909454,0.02394856929203193,0.368029524490168,0.2792499213700558,0.2792499213700558,0.04476440448048158,0.315728541490348,0.23779821615442298,0.1491266608473012,0.25463666914563343,0.5733828095654676,0.00011099409479409239,0.007415468447366513,0.018599598606241052,0.009259105868739459,0.19328217399536107,0.012592829760998292,0.43050087404306037,0.00008771345285896182,0.03065799895822674,0.025930396526082422,0.4492395754137526,0.02462642268106008,0.5186853906333211,1,0.07777500942408211,0.009077292462065234,0.1350344921202371,0.09620781633228925,0.2403990453489887,0.005236943074502176,0.1350344921202371,0.11810845028389338,0.0634327339475168,0.5733828095654676,0.03417633471222081,0.08174816915102712,0.0676208247349035,0.055276489494917924,0.16006566415996792,0.022515240195500108,0.016384171892369404,0.5431497482521435,0.017952359824311315,0.5431497482521435,0.4044475466155475,0.5256208134752559,0.4492395754137526,0.06273915545837483,0.31844518374705366,0.03244254474778552,0.23779821615442298,0.5256208134752559,0.3293955346643598,0.3208454575610382,0
34,_BZ2_bzCompress,0.029054264350038772,0.39191338257301345,0.5613790979880733,0.43403607681683365,0.12739573816182936,0.14452457362385973,0.01183456707933539,0.012693626134460123,0.05249271972922975,0.15618554448093902,0.284521191354827,0.18127922927362383,0.17039684180890236,0.17039684180890236,0.516077338329551,0.17499377701580754,0.19472190310803517,0.34657063579632763,0.18687063428969763,0.03503088498631801,0.0020896125026061974,0.1662441002545496,0.34560265285660596,0.2091047535414583,0.3498307418313584,0.28266984516604576,0.058068675877189335,0.0016762113131543188,0.44217836048167136,0.4130845709637482,0.04082119735917089,0.3678908452006878,0.04615339981293132,0.0758419893343254,0.9716374146823126,0.21651369303748236,0.48337784605045986,0.5017213015107018,0.24064091288551215,0.13165293582605142,0.48337784605045986,0.6304439036520638,0.6664664127893337,0.03503088498631801,0.5676545692526596,0.6827193315186944,0.6572391927912071,0.6660199626118332,0.4740303058474561,0.358740688166199,0.25595086465395445,0.0508708747981792,0.27770981595503896,0.0508708747981792,0.2042389684709749,0.09957161635294876,0.04082119735917089,0.6064093931556516,0.14504053031410125,0.46077196600271364,0.19472190310803517,0.07996163323405536,0.14452457362385973,0.20106375227426632,0
35,_handle_compress,0.10264924115264107,0.12553562786303685,0.41036167042110827,0.13506669507305236,0.027334987513329745,0.032806528951380365,0.046717936985498865,0.049687692659719285,0.17026491657762,0.03397595169961787,0.30462912888235905,0.03671606712119102,0.04144564325130917,0.04144564325130917,0.35742242724848594,0.038294076007019395,0.05048425641369314,0.10122936106360558,0.041539522325084066,0.0071416061182729695,0.008784313249434739,0.47899457917463506,0.5810563731484681,0.5284589052547655,0.09035202513134633,0.7918804264379058,0.016273491214927716,0.007262501903460894,0.5115978361302367,0.5758473859919064,0.00724149629347226,0.4852939870987083,0.01012873143666626,0.014447004038402267,0.32320955970674825,0.712776592743174,0.14402469476940716,0.19995900020957036,0.055734694540254814,0.4602842190775639,0.14402469476940716,0.2124380047653054,0.3644195006530728,0.0071416061182729695,0.5907790285117959,0.2990239084481041,0.330685962121417,0.4127417556355192,0.1591806570222729,0.45741718493531003,0.41484557504724806,0.011594234084414845,0.41226644054410755,0.011594234084414845,0.044556893366788364,0.018426847583780548,0.00724149629347226,0.3219898232781081,0.041107262268998745,0.5006836989109971,0.05048425641369314,0.018525998891128714,0.032806528951380365,0.04483303503246361,0
36,_BZ2_bzCompressEnd,0.01269585468269796,0.3770085962742038,0.3080425824324493,0.4193145391804426,0.2172720107540338,0.24083221556810475,0.005277982464571784,0.005624741302292291,0.02341992932965853,0.2625207952709696,0.16207101522225775,0.28836794262784715,0.269842247937076,0.269842247937076,0.30853912566058395,0.2743838126553506,0.29167489945265446,0.4091779071722773,0.28943183786031645,0.0650784944059003,0.0009216214721320393,0.06963974916154358,0.16622072213229366,0.09453222147125473,0.42384664811140016,0.12000671188121803,0.0971431522459425,0.0007363984943339341,0.2385234368575173,0.21328080858552712,0.07359731900617572,0.21651985387172346,0.08677706232277538,0.1350344921202371,0.4861080080992978,0.09186271509291077,1,0.5539305980508549,0.34649875294277277,0.052323725985087055,1,0.4494070393660904,0.37538435813997084,0.0650784944059003,0.2744429540574679,0.41607864744095424,0.4336806554542466,0.3363159884536594,0.4717256272285062,0.17522829672603457,0.12884477607964162,0.08546892680253126,0.13404872916398203,0.08546892680253126,0.32221081728342116,0.1915300435729279,0.07359731900617572,0.42334412931691745,0.2720876575708001,0.2579619127892444,0.29167489945265446,0.15685115699327135,0.24083221556810475,0.3135089779295862,0
37,_BZ2_bzDecompressInit,0.016184919751066063,0.35719511873291443,0.3700579227504308,0.41583498137104125,0.1632162590558912,0.18659872674746192,0.006789539020494839,0.007242088721428841,0.029797824212889013,0.19676030723282767,0.19031978852916565,0.21387120755503974,0.21763582570488704,0.21763582570488704,0.3890178560497929,0.21446529601969277,0.24379374175990565,0.3517289028610434,0.22961251831341334,0.04967431909509312,0.0012068424595336191,0.09343478464461663,0.19644159927148563,0.12384446990795162,0.39245552742282375,0.17634425735633952,0.10648547446671552,0.0009637222821768932,0.3365247914582329,0.3196796708977616,0.054881622294259746,0.31783191085476026,0.06756256986968934,0.09594904861949916,0.5083277939564554,0.13162844519100547,0.5654217558337481,0.973828779314961,0.282128816308033,0.07204883196978662,0.5654217558337481,0.6273100543266785,0.5015485836999862,0.04967431909509312,0.3353520655110055,0.6238815434339655,0.4884835659844289,0.45810096914287646,0.5865655753699809,0.20998753511111923,0.16268921162701133,0.07244414782794761,0.17767956085212544,0.07244414782794761,0.2577098894591472,0.14205443663090989,0.054881622294259746,0.4375414708758899,0.23356908517187924,0.34974351470553755,0.24379374175990565,0.10980831351031728,0.18659872674746192,0.23962731058555997,0
38,_BZ2_indexIntoF,0.006956870928026548,0.36903035707184917,0.18233153816564085,0.38402773028767934,0.45677636148150746,0.44780409082612294,0.0026054388338753176,0.0028361075388476653,0.012337742480887592,0.6021922524897403,0.09611585595210181,0.6057766633861218,0.4255184659258603,0.4255184659258603,0.20709309086626004,0.5448628643807478,0.3980295407026333,0.40199151966648483,0.5810914239165537,0.13507810593582126,0.0005001314714597749,0.038150170289546925,0.07844695478260388,0.049144243309235836,0.685875269674207,0.05863298677870776,0.20113494410419064,0.000359445733157715,0.12429045363645141,0.09942363713647229,0.2123660622414092,0.08561211957890325,0.19095790890682018,0.2403990453489887,0.2365048051083425,0.03728529899947519,0.34649875294277277,0.28602657191501224,1,0.02464348886213763,0.34649875294277277,0.3390309039481253,0.19143890247464013,0.13507810593582126,0.11490696869647632,0.24846658489869244,0.20400600868337804,0.17305636758368925,0.3359360467114596,0.09770300998214354,0.06879433847113281,0.16569608892257148,0.07023750621187586,0.16569608892257148,0.5723114423926537,0.43420672627501244,0.2123660622414092,0.21225263417492257,0.32534898734991713,0.12600093615903607,0.3980295407026333,0.23747384729056153,0.44780409082612294,0.5535298016332975,0
39,_BZ2_bzDecompress,0.29805873994795606,0.06212712218212235,0.1978066971411977,0.05961879981601992,0.011264521338332556,0.014041122428556041,0.15222310360591185,0.1613546903423405,0.409200357896935,0.01466595880575805,0.21909600362701354,0.015365902252150954,0.01799338442786902,0.01799338442786902,0.17328059814487984,0.01653958247168974,0.02215445080338585,0.0464037193881045,0.0182571278402498,0.0024834317665306527,0.03129179868932552,0.67559664856976,0.35761623868544534,0.578806394777738,0.03707511485660875,0.5181016874118671,0.005676927001985743,0.025621436783671236,0.23927006750976354,0.2697891295832452,0.002865714876943093,0.2474328583670834,0.0036572064138979954,0.005080519478418588,0.12855244821202305,0.6639561535521649,0.0525137712764866,0.07275769263143206,0.023752587265972736,0.9434343760872115,0.0525137712764866,0.08146045889213727,0.149225604742092,0.0024834317665306527,0.2659271778747956,0.11377133379749171,0.13065626374237227,0.1761991122127523,0.05803809557956152,0.3212477148243533,0.3415195804260889,0.004102332183057111,0.3146734449796329,0.004102332183057111,0.017699424701957733,0.007813015026064019,0.002865714876943093,0.14095993441093657,0.014252602109092849,0.22473821867231458,0.02215445080338585,0.006284218300037114,0.014041122428556041,0.018395816676509913,0
40,_BZ2_bzDecompressEnd,0.01269585468269796,0.3770085962742038,0.3080425824324493,0.4193145391804426,0.2172720107540338,0.24083221556810475,0.005277982464571784,0.005624741302292291,0.02341992932965853,0.2625207952709696,0.16207101522225775,0.28836794262784715,0.269842247937076,0.269842247937076,0.30853912566058395,0.2743838126553506,0.29167489945265446,0.4091779071722773,0.28943183786031645,0.0650784944059003,0.0009216214721320393,0.06963974916154358,0.16622072213229366,0.09453222147125473,0.42384664811140016,0.12000671188121803,0.0971431522459425,0.0007363984943339341,0.2385234368575173,0.21328080858552712,0.07359731900617572,0.21651985387172346,0.08677706232277538,0.1350344921202371,0.4861080080992978,0.09186271509291077,1,0.5539305980508549,0.34649875294277277,0.052323725985087055,1,0.4494070393660904,0.37538435813997084,0.0650784944059003,0.2744429540574679,0.41607864744095424,0.4336806554542466,0.3363159884536594,0.4717256272285062,0.17522829672603457,0.12884477607964162,0.08546892680253126,0.13404872916398203,0.08546892680253126,0.32221081728342116,0.1915300435729279,0.07359731900617572,0.42334412931691745,0.2720876575708001,0.2579619127892444,0.29167489945265446,0.15685115699327135,0.24083221556810475,0.3135089779295862,0
41,_BZ2_bzWriteOpen,0.01920864116679588,0.43550720191557135,0.4438162794965109,0.5331285746793725,0.17775174656044856,0.19886265104700063,0.007783172618108125,0.008352970565993822,0.0350041543476044,0.21649681449590674,0.21847626938699782,0.2520139463541822,0.23092423412301644,0.23092423412301644,0.45422462919676454,0.2381624306942749,0.25859881980277255,0.4078717707285948,0.2554003235906096,0.05322529775572793,0.001372434543919554,0.111093508156208,0.22121908428515435,0.14002221803131465,0.4578474135282602,0.20102431789264552,0.09673224629293886,0.0010904678727973183,0.3504882827960931,0.33014898970921513,0.06145827756899347,0.31110039350186747,0.06918417706737201,0.11270612649195921,0.63628589495762,0.1459189060807311,0.4435138815119092,0.6362943244445038,0.32585478403693546,0.08579250556696183,0.4435138815119092,0.9712468244592448,0.6088016350314407,0.05322529775572793,0.4007229662428492,0.7994861669869325,0.5319693852695638,0.5727017641741217,0.6322529156119123,0.25198564695058034,0.18542268571946396,0.07527557967036669,0.2088329105331712,0.07527557967036669,0.27367241558651934,0.14829014309297406,0.06145827756899347,0.47932617396714594,0.1896955942063251,0.3596746738028769,0.25859881980277255,0.10957906802763029,0.19886265104700063,0.26241413029867944,0
42,_BZ2_bzWrite,0.02528882447445624,0.3865078410341354,0.47580077935963605,0.4518318787654957,0.13243646025585754,0.1510844570850426,0.010435124389539197,0.01117616570252844,0.04599732653980704,0.16646990535040163,0.26267160181788773,0.18418442964071557,0.17958388079661813,0.17958388079661813,0.5084339172778028,0.18100497360002987,0.20587462575391935,0.36146210570672255,0.19001517280468316,0.03586689910140828,0.0018485783182862203,0.15394920918479316,0.34450113190566967,0.18436861589229747,0.37372682327768003,0.2758479266488759,0.07263703645589836,0.0015089525119688085,0.5083962974915612,0.46742336563346343,0.03926973242628784,0.3223331909033037,0.04832532030118186,0.07920864112037118,0.7360016736552442,0.2029908556562675,0.4419482368668449,0.5331017148774602,0.2569287490145896,0.1232902869859629,0.4419482368668449,0.6785294183432273,0.8346976473999935,0.03586689910140828,0.5766472216738998,0.7701559976316625,0.7548417067276346,0.7748240110958122,0.5887488531805882,0.3356379435652289,0.24590843062796974,0.05741247665458238,0.2541501851465493,0.05741247665458238,0.22270470901431616,0.1035699842238591,0.03926973242628784,0.6638952853477078,0.16145078739150442,0.5287831080827414,0.20587462575391935,0.08369596785255495,0.1510844570850426,0.20977470474383708,0
43,_BZ2_bzWriteClose,0.0008028776173762964,0.05970617706003423,0.018903334226350044,0.07925698924688374,0.3204616905274479,0.25166852264521167,0.00034720138661448186,0.00036580788205886616,0.0014991776562098824,0.2357900766327069,0.012825053663397479,0.2306058261114572,0.20332550311868713,0.20332550311868713,0.02210260048762036,0.21919572940512477,0.16724930548302308,0.08431814841078156,0.17409993529524415,1,0.00005921212630344286,0.0036387360205270003,0.009332189540838365,0.004691108200208127,0.09657969325936255,0.006481704869358174,0.41421356237309503,0.000046543840111046286,0.01615682476141167,0.014084245346169477,0.5,0.012524393311529547,0.5857864376269049,0.5733828095654676,0.03591745147424541,0.0045596999661154936,0.0650784944059003,0.049803812750244925,0.13507810593582126,0.002530078805467184,0.0650784944059003,0.05556719004351951,0.028536569673199508,1,0.015228720137353102,0.03785852081224106,0.033312871405168365,0.025569126632395633,0.07462634915296851,0.010793248045465775,0.008168781004437409,0.6821627548042177,0.009290494156684481,0.6821627548042177,0.24044453606092742,0.36586292400589837,0.5,0.031056995322343295,0.23166247903553994,0.017159825972285492,0.16724930548302308,0.527342130341413,0.25166852264521167,0.2283875166123801,0
44,_BZ2_bzWriteClose64,0.05611924955362235,0.2319992584828524,0.5252533664169776,0.2570594590064519,0.05746318534829642,0.06749193717952773,0.02418833843364354,0.025801552906584146,0.09902185008786146,0.07204450086420144,0.3431087023947035,0.07990199852984825,0.08354004821018413,0.08354004821018413,0.4900481302862454,0.08003364943488755,0.09979335355694108,0.19843692849692285,0.08520868563928141,0.014896789026725088,0.004334150536150605,0.3113763171400874,0.5788753998455877,0.35592839420374955,0.17843146202728888,0.5325880925386861,0.031220634538202674,0.003600965973673431,0.6567169037646717,0.6800169548595394,0.015394441602547215,0.4612264682748287,0.020478194091650415,0.0331250715442325,0.5639413567811294,0.42709059990621245,0.2693606879464445,0.3296942029007056,0.11533047133375285,0.2704512134225159,0.2693606879464445,0.388436648570917,0.6566378636027246,0.014896789026725088,0.9667309480076811,0.5119614457037733,0.5814522105927142,0.7275863671575311,0.3088297170384864,0.5030301340208198,0.395069212802433,0.024405928371079022,0.39325310614175224,0.024405928371079022,0.09688096596649187,0.04198784632424435,0.015394441602547215,0.5527438659566766,0.07660509839790364,0.6682621231642721,0.09979335355694108,0.037856768593597656,0.06749193717952773,0.09427666791658218,0
45,_BZ2_bzReadOpen,0.024823028748758524,0.35628392413287424,0.5057021983008976,0.4337196819220164,0.12115342603220502,0.14008619177455262,0.010381455678020513,0.011108373463899146,0.04528664113154046,0.15236396279956443,0.25438314258015393,0.16648294450205714,0.1690058381543036,0.1690058381543036,0.502270869424701,0.1672709094865833,0.19575570163327904,0.3334249573597614,0.17315135413694904,0.03575788403501834,0.0018522673849038496,0.14994797903974155,0.3038264418216009,0.18292518130611612,0.35513063127650524,0.28072096589944817,0.0752081969058147,0.0015002884509716097,0.48363314522605294,0.4599859958047803,0.03688433548962622,0.39396784973203036,0.048740014115135843,0.07671087375680996,0.6873984858659541,0.21019531739116337,0.40788792624498593,0.6134295907767514,0.23073773124636332,0.11930021892741294,0.40788792624498593,0.742028769443468,0.7577903003507144,0.03575788403501834,0.5382982454240434,0.9505045584951141,0.6622248272026288,0.710279915055372,0.5830865238919853,0.31176765514468496,0.237455837725714,0.0555011559381664,0.2585629025815437,0.0555011559381664,0.200403193616141,0.09656849432782355,0.03688433548962622,0.5842741961239978,0.16140256034667266,0.495497222060337,0.19575570163327904,0.08073198251272307,0.14008619177455262,0.18922267399104786,0
46,_BZ2_bzReadClose,0.02325371644051244,0.32321385962127736,0.41348759710569283,0.37307270447623964,0.11897509175549925,0.13791013258045648,0.01008525552484174,0.010703800119037932,0.042928467413099525,0.14314342301066818,0.24139168864611893,0.156319704883641,0.1653504276859653,0.1653504276859653,0.44288177691025565,0.15571223762262598,0.1907919939512861,0.3216812004309373,0.16347940693325103,0.03448061609454467,0.0017658192328423583,0.14646935327898358,0.3606430893371191,0.17325953819802564,0.3059073711529162,0.2843501477185586,0.07590111612323958,0.0014977030258973567,0.5611362384529044,0.5264721999269066,0.03392331770245216,0.3197059677433909,0.046876472507925704,0.07192943756260806,0.6552588087302547,0.2115896112300022,0.44944942626441786,0.49512936376713645,0.21272647153414148,0.12283227227824611,0.44944942626441786,0.5401661459585149,0.7692139522920246,0.03448061609454467,0.5766471779011084,0.6607570000355432,0.9392070084171322,0.7112650970937588,0.5732513819148783,0.31380365570220625,0.23737088440221765,0.05857739264322592,0.23625191480064966,0.05857739264322592,0.20204778707614335,0.08306748851710244,0.03392331770245216,0.7311273693490468,0.1778446899444872,0.599288745430441,0.1907919939512861,0.08252922459549783,0.13791013258045648,0.1862014182655457,0
47,_BZ2_bzRead,0.037676530098850414,0.29458157622188574,0.49076824553711595,0.34032228257210606,0.08341419734352196,0.09729421720317666,0.016117087312117362,0.01717979883883325,0.0679881284831021,0.10291604017546685,0.3094853199611354,0.11490201295678182,0.11961737030496478,0.11961737030496478,0.5042938847862233,0.11444729694832423,0.14149087821457307,0.26214780273647575,0.12061322953081,0.023726416110232185,0.0028512508061060426,0.22021709304242465,0.45192363635684407,0.2534140286008042,0.24459886429085942,0.39549210608388563,0.05026071080646233,0.0023692501917451647,0.6454566401966855,0.6409806462503786,0.023726416110232185,0.4103928577326902,0.03192734243175921,0.0512086711668821,0.6346949031177739,0.30169368498806504,0.3191222124190234,0.44167735295637156,0.16127560435606392,0.1855597766289253,0.3191222124190234,0.5316983078469255,0.8582640046123423,0.023726416110232185,0.7523767135534369,0.6716282920576111,0.7057826549715969,0.9557973223932534,0.4460370032862635,0.42046506537118733,0.32407201745273273,0.03861409697298135,0.32956400262121144,0.03861409697298135,0.14217500466145216,0.06285585492156764,0.023726416110232185,0.6282370691524095,0.10962277684107347,0.6612893506019576,0.14149087821457307,0.05530885931087082,0.09729421720317666,0.13328772696859603,0
48,_BZ2_bzReadGetUnused,0.011148764157512314,0.337811408851872,0.2642759003742242,0.43249712123362705,0.2051236651134899,0.2300955337660201,0.004781985336426264,0.005079269996347002,0.020836823842263374,0.25217245866902405,0.14494163006409666,0.2737559836712159,0.2604787805956261,0.2604787805956261,0.3056440484244499,0.26036146778781,0.28296731598202796,0.38391683547673794,0.2595825049335695,0.07462634915296851,0.0008307166288681334,0.0710183773671147,0.17932035293816606,0.08514792934957616,0.4507864387613518,0.14017040633604683,0.16394060518578912,0.0006953936473969025,0.31406097064302885,0.2869108199272119,0.07462634915296851,0.20379632252576851,0.09734845530844616,0.16006566415996792,0.48206836789493823,0.10263620980689625,0.4717256272285062,0.5847968653531765,0.3359360467114596,0.057588775283332394,0.4717256272285062,0.6388412784418953,0.528953562572722,0.07462634915296851,0.3143779412164952,0.600042857396273,0.5484630416220323,0.465024520970981,1,0.17310646337273616,0.12879489591396753,0.11658517965696313,0.13458380233551426,0.11658517965696313,0.36191509691478774,0.17075986625659378,0.07462634915296851,0.4594324674144986,0.3060994815819704,0.33071282726708007,0.28296731598202796,0.1480988590518405,0.2300955337660201,0.3009737050489615,0
49,_BZ2_bzBuffToBuffCompress,0.1299681292650967,0.2751919712187111,0.5627971814954464,0.23541770903115045,0.047824989015851416,0.06313894508323237,0.0558736641714479,0.05970031365528283,0.22284226993572498,0.06969402875791486,0.7081853066654182,0.06494447891440691,0.0825223512210822,0.0825223512210822,0.4823923974604175,0.07616293598034785,0.10211420617834721,0.20749083783644662,0.07898157702330322,0.010842395799304683,0.010502703144135261,0.4816555165656736,0.45170812385008596,0.5288745172413691,0.15088552116464415,0.46938472379593865,0.018427186500178827,0.008008790361982654,0.4478656377644188,0.4218995721865363,0.01235786651108639,0.518640090189995,0.014937277721940423,0.022708940418793677,0.35089597445568455,0.4593982600226654,0.1759703030431895,0.21328085934135121,0.09837033360377989,0.3166864025674423,0.1759703030431895,0.24688976282581965,0.36406452129481326,0.010842395799304683,0.49626810850085445,0.30731277432540693,0.3225587667929285,0.4078941452215681,0.17350821195403598,0.9777700618201886,0.7952990269020892,0.015522305683758897,0.6990501376866204,0.015522305683758897,0.0693232422686264,0.03853307922569227,0.01235786651108639,0.4377151088744451,0.043957885505445216,0.4048812906962652,0.10211420617834721,0.025292328059653202,0.06313894508323237,0.07835070381221387,0
50,_BZ2_bzBuffToBuffDecompress,0.16972708428190175,0.23398058942986122,0.44323570615007235,0.19455823401719552,0.03730062943553636,0.05216736298934077,0.07663040081700712,0.08107388799572157,0.29164719787581017,0.05232521120313571,0.7473785740916584,0.048575723783981894,0.07041674586738311,0.07041674586738311,0.3868133928799199,0.06073245976583763,0.08894062360125088,0.17621305847272872,0.06303137941573644,0.008148416364122224,0.013924491250838278,0.5191451017829994,0.39306704553330374,0.5597450757709136,0.10647225655474213,0.4371603569498457,0.013791096410521786,0.010963032650416205,0.37093070085820956,0.364360644776213,0.008675471377697419,0.5309102947479014,0.011425138023719361,0.016406113206076878,0.25245390255209277,0.4940201302937043,0.1290821295803959,0.16475214432704588,0.06913038104241431,0.3396875153489759,0.1290821295803959,0.18103815392150147,0.27807066465342234,0.008148416364122224,0.3941270623402108,0.23200592022972544,0.2444282280548662,0.31241934256159365,0.12883674408045798,0.7952887807043034,0.9929344591887014,0.011410767689167711,0.8119155840660257,0.011410767689167711,0.049526655885322346,0.028787198637905353,0.008675471377697419,0.353808195761654,0.03244275236597227,0.33593860416674726,0.08894062360125088,0.01925644626946854,0.05216736298934077,0.06007608266145503,0
51,_BZ2_bzopen,0.0009866721243116938,0.07251131717609871,0.025522745381388212,0.09518897355763312,0.37574681510650565,0.29676286505523675,0.00042574790069016544,0.0004499320322555178,0.0018624896662641222,0.2835654011859956,0.01590498459141454,0.2725146271947043,0.23818624914369135,0.23818624914369135,0.029810985843699345,0.2593550529230434,0.19545533413759075,0.10540236569896133,0.21000313821535,0.6821627548042177,0.00007284139743179985,0.00541301948452011,0.013810683120480616,0.006671945212824215,0.12849590973644776,0.010660845114528694,0.5358983848622454,0.0000589300574739271,0.025882387159089082,0.023356614153911992,0.4494897427831782,0.016491894984822175,0.5358983848622454,0.5431497482521435,0.052029036039732524,0.0073896803785363785,0.08546892680253126,0.07266512748861875,0.16569608892257148,0.004111410311080421,0.08546892680253126,0.07782356387135803,0.04700121418943015,0.6821627548042177,0.024868023575127407,0.05814638410572592,0.05654737559832668,0.040984757465785115,0.11658517965696313,0.015533178935925873,0.011442841468273679,1,0.012488910984771007,1,0.3332985815103481,0.3736421366687681,0.4494897427831782,0.05045435321253777,0.3580183590910071,0.02774910782941742,0.19545533413759075,0.5148252853104156,0.29676286505523675,0.2855895596134931,0
52,_bzopen_or_bzdopen,0.16407219574309628,0.2510018147551134,0.4476892734147866,0.21423532977554005,0.04125174587634961,0.057753373049833634,0.0757012983338824,0.07953939844370217,0.2862688332004736,0.05197984100926223,0.7568710974401975,0.053178347493487044,0.07808405775485783,0.07808405775485783,0.3830704358401832,0.0657643996604168,0.09867438060821587,0.1888981297285659,0.06986611892658545,0.00879620705613604,0.013067454681956137,0.4725703312645325,0.36601758214646374,0.5423264881869281,0.1023302169543735,0.4197771057147702,0.013932615194244491,0.010687358932873758,0.3388545951991325,0.3487517660942464,0.009423242624370332,0.603424024205188,0.012195845874673372,0.01711010341836372,0.2635806290701286,0.49379043000261824,0.12863262886998117,0.17212225708887174,0.06744974868016229,0.32403037081261,0.12863262886998117,0.19535262998019687,0.27600475530941004,0.00879620705613604,0.3829110707943757,0.24324499184021986,0.2354854811678012,0.31204013465688774,0.12908727851034063,0.6998970551110922,0.8259627298994611,0.011843615075372016,0.9672642569286983,0.011843615075372016,0.05036515371458461,0.02987829027670741,0.009423242624370332,0.3411468711471317,0.032790906057114655,0.3171789181257456,0.09867438060821587,0.020768966392622046,0.057753373049833634,0.06441729172153166,0
53,_BZ2_bzdopen,0.0009866721243116938,0.07251131717609871,0.025522745381388212,0.09518897355763312,0.37574681510650565,0.29676286505523675,0.00042574790069016544,0.0004499320322555178,0.0018624896662641222,0.2835654011859956,0.01590498459141454,0.2725146271947043,0.23818624914369135,0.23818624914369135,0.029810985843699345,0.2593550529230434,0.19545533413759075,0.10540236569896133,0.21000313821535,0.6821627548042177,0.00007284139743179985,0.00541301948452011,0.013810683120480616,0.006671945212824215,0.12849590973644776,0.010660845114528694,0.5358983848622454,0.0000589300574739271,0.025882387159089082,0.023356614153911992,0.4494897427831782,0.016491894984822175,0.5358983848622454,0.5431497482521435,0.052029036039732524,0.0073896803785363785,0.08546892680253126,0.07266512748861875,0.16569608892257148,0.004111410311080421,0.08546892680253126,0.07782356387135803,0.04700121418943015,0.6821627548042177,0.024868023575127407,0.05814638410572592,0.05654737559832668,0.040984757465785115,0.11658517965696313,0.015533178935925873,0.011442841468273679,1,0.012488910984771007,1,0.3332985815103481,0.3736421366687681,0.4494897427831782,0.05045435321253777,0.3580183590910071,0.02774910782941742,0.19545533413759075,0.5148252853104156,0.29676286505523675,0.2855895596134931,0
54,_BZ2_bzread,0.004470382577340781,0.2817011370334771,0.11906868176033014,0.32595323684250843,0.6030978052856559,0.5679574439879402,0.001800818819513994,0.0019289793899351926,0.008264874248294252,0.6460566826899253,0.06697689830365083,0.6794019007175187,0.507404438113705,0.507404438113705,0.13771127103827596,0.6131401974831584,0.4490491724598058,0.3595662077608103,0.5712819245487382,0.24044453606092742,0.0003133982648491074,0.02496632326154835,0.0577208056754982,0.03228108023883769,0.48291566657355245,0.04206219849919812,0.34359524346885384,0.00024920087500490684,0.09591974830655736,0.08166488669443639,0.29113990698396175,0.06724747348562132,0.27431723732720004,0.4044475466155475,0.205034653945796,0.02972606199869654,0.32221081728342116,0.258527817573162,0.5723114423926537,0.018056952905506463,0.32221081728342116,0.2843977311563055,0.1730487588141738,0.24044453606092742,0.09757390039631153,0.21258368633015368,0.19466230483016156,0.15243180209765572,0.36191509691478774,0.06913026826510427,0.04939316604109345,0.3332985815103481,0.052955140821305924,0.3332985815103481,1,0.5667575012092974,0.29113990698396175,0.18829335084008747,0.5285907602783898,0.10066711270783424,0.4490491724598058,0.3684459576872099,0.5679574439879402,0.6753053570074372,0
55,_BZ2_bzwrite,0.002849689074933326,0.19504855778064956,0.06877278519292851,0.22030856276009514,0.6148296117852735,0.5405231786569591,0.0011477451101986613,0.0012285238694618172,0.005218062168667492,0.6365945619875063,0.04339810885097872,0.5915022150384623,0.4478422202284327,0.4478422202284327,0.07673069513664188,0.5550947906822545,0.3754200518211982,0.2521650539900807,0.48446337779155724,0.36586292400589837,0.00020120980896132235,0.012980317058411739,0.02472422057133028,0.017274738464354344,0.321564615175595,0.018107875137073903,0.3218345439752258,0.00015329539595609898,0.03962036864235152,0.03218852845741582,0.4407436665979799,0.03937243651613431,0.3761785115301143,0.5256208134752559,0.09916357798095654,0.013132616666679198,0.1915300435729279,0.14376665159308255,0.43420672627501244,0.00811332486650751,0.1915300435729279,0.1556246690981793,0.07668267353649616,0.36586292400589837,0.04234686045934399,0.10476815168884923,0.07796321767922743,0.06822040986143862,0.17075986625659378,0.038141535829972706,0.028684751904343497,0.3736421366687681,0.031316459160132704,0.3736421366687681,0.5667575012092974,1,0.4407436665979799,0.08954494845169625,0.32744629262377944,0.0404341418333225,0.3754200518211982,0.4359239251822338,0.5405231786569591,0.5251160510287337,0
56,_BZ2_bzflush,0.0008914413789141706,0.07240390074593284,0.02433599292723676,0.07925698924688374,0.36435011619153723,0.2788897449072022,0.0003549106966438398,0.00037785276986856964,0.001624624287678622,0.2946661793642723,0.013491088786786176,0.32718431277568216,0.20332550311868713,0.20332550311868713,0.028338948715804557,0.2614330998963238,0.15739392463172952,0.0898013225704084,0.25448401732747095,0.5,0.00006076716831349138,0.004282135462088554,0.010203489454754244,0.00596656374504545,0.13346968282648086,0.007373897280259389,0.41421356237309503,0.00004700646620670046,0.01615682476141167,0.013987743045282164,1,0.013230545756549472,0.41421356237309503,0.4492395754137526,0.04092334229288774,0.004671527201644654,0.07359731900617572,0.055039093292147956,0.2123660622414092,0.0030361435992067864,0.07359731900617572,0.06444572141911553,0.028536569673199508,0.5,0.015228720137353102,0.03974076874309462,0.03280661992841627,0.026078100745661748,0.07462634915296851,0.012371053032734003,0.008632238092788347,0.4494897427831782,0.009947553103411999,0.4494897427831782,0.29113990698396175,0.4407436665979799,1,0.03017211568160094,0.23166247903553994,0.01730963775183525,0.15739392463172952,0.2989350844248255,0.2788897449072022,0.2479251810533546,0
57,_BZ2_bzclose,0.047124708353899925,0.46499159528821343,0.544628256391092,0.43784867415554873,0.11429796471860643,0.1484313159971914,0.020616078518155834,0.021841981519082343,0.08576434032423974,0.14770000957921792,0.4775908838466255,0.1428775410842189,0.1901820777528438,0.1901820777528438,0.5469125774481542,0.16798962709725118,0.2299139933680745,0.41329335909004816,0.1715722121442067,0.0269819195251082,0.0036221952986622563,0.21645252909475088,0.3839981859350933,0.2564746460646611,0.2820500048853013,0.319461354264171,0.052017317930894036,0.0029492118769957054,0.5553652729816623,0.5056024789887086,0.026644359036037457,0.44897654202746684,0.036870177189420206,0.05335951486163182,0.5592923667951994,0.2696394300845354,0.3711419609714899,0.4024122419012487,0.1916782256574322,0.15517694517913294,0.3711419609714899,0.43199200679322425,0.6132102479452561,0.0269819195251082,0.5609564302866694,0.5319995054448061,0.6524901515832304,0.6044573715931871,0.4007942367226154,0.5005198127931093,0.41887040870678627,0.04318763599957787,0.4176898061940314,0.04318763599957787,0.1643066997428686,0.08070571492421941,0.026644359036037457,0.893434256267047,0.1276142191215206,0.5585480867393195,0.2299139933680745,0.06678626419151701,0.1484313159971914,0.18108092184930902,0
58,_BZ2_bzerror,0.0026591082057576543,0.15340652575863012,0.08200701794235454,0.18628306693625285,0.4022161352507615,0.37367627474946075,0.0011442788112526747,0.0012122273309320697,0.005033300678548125,0.3962866467222588,0.04064689517062048,0.3751785950274993,0.3312756976852409,0.3312756976852409,0.09672456640878879,0.3544891634191919,0.2928546974687053,0.2132677115143886,0.3326582691833131,0.23166247903553994,0.0001990749089447741,0.01749490864523595,0.04853367090696448,0.023404002325884687,0.29631123630302103,0.036177423838874456,0.4407436665979799,0.00016681707676136082,0.08709816026619965,0.07705629667652758,0.23166247903553994,0.057507015433937214,0.26776157694336666,0.31844518374705366,0.147552415203834,0.025712436681484818,0.2720876575708001,0.23177778653793246,0.32534898734991713,0.013952304725962206,0.2720876575708001,0.1931984877357884,0.13706699041100956,0.23166247903553994,0.07804030294665576,0.16581633117589434,0.17095589622283114,0.11494803709748469,0.3060994815819704,0.0440033091331441,0.03253714665254026,0.3580183590910071,0.03444171308584432,0.3580183590910071,0.5285907602783898,0.32744629262377944,0.23166247903553994,0.14953786432423266,1,0.09311907997105229,0.2928546974687053,0.3510520659732913,0.37367627474946075,0.4088311433822389,0
59,_add_pair_to_block,0.043699337586183495,0.22701630894496105,0.4311576736522901,0.24713681621448214,0.061904277391416795,0.07386620938408528,0.019365374127079837,0.02049766622175786,0.07800930218178026,0.07333643961345171,0.30476171663049056,0.08026029529447487,0.0919074836816477,0.0919074836816477,0.48013425766292084,0.08315837093087175,0.10997572768139607,0.1963278069249943,0.09171684800648716,0.017159825972285492,0.003479743055466722,0.2551476612143274,0.5834756133692396,0.29539670673919793,0.17755057040904576,0.48033667014110826,0.042263397879171105,0.0029542790907058913,0.8631539421400024,0.8319066502022203,0.01730963775183525,0.40687914018717775,0.02573393375691413,0.03244254474778552,0.4606348994795585,0.3586178086256665,0.2579619127892444,0.3464045580807338,0.12600093615903607,0.2200972054126995,0.2579619127892444,0.34894212778667444,0.6089916210877765,0.017159825972285492,0.6676476122418342,0.47232869947136424,0.6173426523730119,0.6395103315164067,0.33071282726708007,0.40833236926154315,0.3363461471369875,0.02774910782941742,0.32393779556698,0.02774910782941742,0.10066711270783424,0.0404341418333225,0.01730963775183525,0.5583082190917548,0.09311907997105229,1,0.10997572768139607,0.04248857483924762,0.07386620938408528,0.09644885919910196,0
60,_ioError,0.009336012387154424,0.5000670316791329,0.14951660318211957,0.5221173836106452,0.5502953846534652,0.7067166683715433,0.004192611043471239,0.004378435204546283,0.017621596375973048,0.49589896412040557,0.13837786980660138,0.5423288088633964,0.8695523550459119,0.8695523550459119,0.16836734656819974,0.6951931046978432,1,0.6431891931316751,0.6585089622806835,0.16724930548302308,0.0006616438622769616,0.034312902007910706,0.06513351294571179,0.04620720965313607,0.357466753268495,0.04737483946718968,0.17253779651421453,0.000562667575175313,0.1032565044866236,0.09184619673170813,0.15739392463172952,0.11975086257780598,0.19997514953685291,0.23779821615442298,0.19477223757495654,0.04148990699145361,0.29167489945265446,0.2432504731967302,0.3980295407026333,0.022092742180933045,0.29167489945265446,0.26611886900151105,0.16581829463176745,0.16724930548302308,0.10034062857331516,0.2050500354725867,0.1848535982123084,0.1505824957537799,0.28296731598202796,0.1009469254237757,0.0890492293762214,0.19545533413759075,0.10426654108556588,0.19545533413759075,0.4490491724598058,0.3754200518211982,0.15739392463172952,0.24009979151621208,0.2928546974687053,0.10997572768139607,1,0.32909351362357264,0.7067166683715433,0.654522006989122,0
61,_main.cold.2,0.0019032062003841999,0.13033209107327504,0.04594190883342164,0.17691151331988075,0.5027471669973729,0.42094338220075955,0.0008183833572291688,0.000863740586542594,0.0035618107295745105,0.37056331761553873,0.030183735554002222,0.3584286845676543,0.3758472891399033,0.3758472891399033,0.051256415650525855,0.379143042354128,0.32909351362357264,0.18538590800584553,0.3009373440843487,0.527342130341413,0.00013910048377563378,0.008919941796952102,0.02381853167834347,0.01161833146753688,0.1846221443088213,0.015903248396724856,0.3218345439752258,0.00011042420989970658,0.03949019180253188,0.03446551184114477,0.2989350844248255,0.030058547555270487,0.502362604962437,0.5256208134752559,0.08136755916730776,0.011684965405911019,0.15685115699327135,0.10885500826368977,0.23747384729056153,0.006261645136583449,0.15685115699327135,0.11388905657716497,0.06666188193810518,0.527342130341413,0.03875878816955369,0.08470273897465264,0.07943104049741123,0.059234382149498055,0.1480988590518405,0.02509296206546996,0.01930493356812335,0.5148252853104156,0.021942875312358723,0.5148252853104156,0.3684459576872099,0.4359239251822338,0.2989350844248255,0.07741656362024807,0.3510520659732913,0.04248857483924762,0.32909351362357264,1,0.42094338220075955,0.4311725544486096,0
62,_main.cold.3,0.0019032062003841999,0.13033209107327504,0.04594190883342164,0.17691151331988075,0.5027471669973729,0.42094338220075955,0.0008183833572291688,0.000863740586542594,0.0035618107295745105,0.37056331761553873,0.030183735554002222,0.3584286845676543,0.3758472891399033,0.3758472891399033,0.051256415650525855,0.379143042354128,0.32909351362357264,0.18538590800584553,0.3009373440843487,0.527342130341413,0.00013910048377563378,0.008919941796952102,0.02381853167834347,0.01161833146753688,0.1846221443088213,0.015903248396724856,0.3218345439752258,0.00011042420989970658,0.03949019180253188,0.03446551184114477,0.2989350844248255,0.030058547555270487,0.502362604962437,0.5256208134752559,0.08136755916730776,0.011684965405911019,0.15685115699327135,0.10885500826368977,0.23747384729056153,0.006261645136583449,0.15685115699327135,0.11388905657716497,0.06666188193810518,0.527342130341413,0.03875878816955369,0.08470273897465264,0.07943104049741123,0.059234382149498055,0.1480988590518405,0.02509296206546996,0.01930493356812335,0.5148252853104156,0.021942875312358723,0.5148252853104156,0.3684459576872099,0.4359239251822338,0.2989350844248255,0.07741656362024807,0.3510520659732913,0.04248857483924762,0.32909351362357264,1,0.42094338220075955,0.4311725544486096,0
63,_BZ2_bz__AssertH__fail,0.005327174912897248,0.3409378184235602,0.10161479704286402,0.36191780097416093,0.8025469509178665,1,0.0023274104047043,0.0024409219215846267,0.010022276750919823,0.6265985772644386,0.08108648181301548,0.7069602397004671,0.8306867049815754,0.8306867049815754,0.11483265900459216,0.835222710216904,0.7067166683715433,0.44477704336235035,0.7593426953166605,0.25166852264521167,0.00036956909198171406,0.02126935624952686,0.04290678740705811,0.029037891331903487,0.340773262423986,0.03129539951988958,0.2612038749637414,0.00031203566236182034,0.06862485119554163,0.06080065974752402,0.2788897449072022,0.07203526488725254,0.28466372787299954,0.3293955346643598,0.1441862982837584,0.025458022868826702,0.24083221556810475,0.1859062329720057,0.44780409082612294,0.01417802361399978,0.24083221556810475,0.20614613159438522,0.1160108454433958,0.25166852264521167,0.06743807932211754,0.1481630573656776,0.13309303968844588,0.1046520686303517,0.2300955337660201,0.06262597357571609,0.05214828851786124,0.29676286505523675,0.06108412215723147,0.29676286505523675,0.5679574439879402,0.5405231786569591,0.2788897449072022,0.15956019336963467,0.37367627474946075,0.07386620938408528,0.7067166683715433,0.42094338220075955,1,0.7726195647677945,0