result,95141884458,0.9923867170948162
left,birthmark,bzip2-1.0.7,/Users/tamada/researches/2026snpd_tamada_experiments/experiments/experiment0/executables/bzip2-1.0.7,op-seq,2026-04-17T04:57:47.625381+00:00,4884083
right,birthmark,bzip2-1.0.4,/Users/tamada/researches/2026snpd_tamada_experiments/experiments/experiment0/executables/bzip2-1.0.4,op-seq,2026-04-17T04:57:55.171892+00:00,4509542
matrix,,entry,_mySIGSEGVorSIGBUScatcher,_addFlagsFromEnvVar,_snocString,_usage,_mySignalCatcher,_compress,_uncompress,_testf,_showFileNames,_cleanUpAndFail,_cadvise,_outOfMemory,_panic,_uInt64_toAscii,_configError,_crcError,_compressedStreamEOF,_OUTLINED_FUNCTION_0,_OUTLINED_FUNCTION_1,_BZ2_blockSort,_fallbackSort,_mainGtU,_BZ2_hbMakeCodeLengths,_BZ2_hbAssignCodes,_BZ2_hbCreateDecodeTables,_BZ2_bsInitWrite,_BZ2_compressBlock,_bsPutUInt32,_BZ2_decompress,_BZ2_bzlibVersion,_BZ2_bzCompressInit,_default_bzalloc,_default_bzfree,_BZ2_bzCompress,_handle_compress,_BZ2_bzCompressEnd,_BZ2_bzDecompressInit,_BZ2_indexIntoF,_BZ2_bzDecompress,_BZ2_bzDecompressEnd,_BZ2_bzWriteOpen,_BZ2_bzWrite,_BZ2_bzWriteClose,_BZ2_bzWriteClose64,_BZ2_bzReadOpen,_BZ2_bzReadClose,_BZ2_bzRead,_BZ2_bzReadGetUnused,_BZ2_bzBuffToBuffCompress,_BZ2_bzBuffToBuffDecompress,_BZ2_bzopen,_bzopen_or_bzdopen,_BZ2_bzdopen,_BZ2_bzread,_BZ2_bzwrite,_BZ2_bzflush,_BZ2_bzclose,_BZ2_bzerror,_add_pair_to_block,_ioError,_main.cold.2,_main.cold.3,_BZ2_bz__AssertH__fail
0,entry,0.9092896174863389,0.03532692903625659,0.09512693317770644,0.03827160493827161,0.006289308176100629,0.00754242614707731,0.5599118942731277,0.5566068515497553,0.5473300970873787,0.009419152276295133,0.12684365781710916,0.008793969849246231,0.009419152276295133,0.009419152276295133,0.07254788160185723,0.010043942247332079,0.011292346298619825,0.026766262060379707,0.008793969849246231,0.0012610340479192938,0.13397877114691273,0.23547400611620795,0.08574610244988864,0.19184868272911507,0.02242292120834631,0.09408115792194366,0.002520478890989288,0.10475071980603122,0.050029429075927015,0.04142011834319527,0.0012610340479192938,0.08520437535981577,0.001260239445494644,0.0031496062992125984,0.06272617611580217,0.15166786657067435,0.02850945150294391,0.03140394088669951,0.011897307451471509,0.18647930117736422,0.02850945150294391,0.03986507206378412,0.052393857271906055,0.0012610340479192938,0.08268285631685458,0.049225159525979945,0.044552944766554775,0.06037059175134489,0.024844720496894408,0.16100981767180925,0.17347509792949076,0.0018909549322407816,0.16746546377220187,0.0018909549322407816,0.01066164941988084,0.005662157911292859,0.0012610340479192938,0.061762034514078114,0.006909547738693468,0.047576568539994056,0.011292346298619825,0.0031496062992125984,0.00754242614707731,0.011292346298619825
1,_mySIGSEGVorSIGBUScatcher,0.03462940461725395,1,0.24203821656050956,0.5039370078740157,0.29850746268656714,0.34782608695652173,0.019105077928607342,0.018743834265044394,0.0622610595303113,0.3055555555555556,0.36101083032490977,0.39436619718309857,0.4166666666666667,0.4166666666666667,0.21021021021021022,0.3835616438356164,0.48,0.62,0.39436619718309857,0.06779661016949153,0.003119015047879617,0.07508532423208192,0.10438413361169102,0.07981927710843373,0.32653061224489793,0.07407407407407407,0.06557377049180328,0.0022544737212906864,0.09824561403508772,0.06741573033707865,0.06779661016949153,0.1772853185595568,0.06557377049180328,0.16129032258064516,0.16748768472906403,0.08918406072106262,0.24561403508771928,0.17777777777777778,0.2962962962962963,0.046446818392940084,0.24561403508771928,0.24324324324324326,0.16346153846153846,0.06779661016949153,0.13872832369942195,0.21348314606741572,0.14634146341463414,0.17167381974248927,0.205607476635514,0.1902654867256637,0.17787418655097614,0.06666666666666667,0.2304147465437788,0.06666666666666667,0.3157894736842105,0.24242424242424243,0.06779661016949153,0.3368421052631579,0.11267605633802817,0.088,0.48,0.16129032258064516,0.34782608695652173,0.4266666666666667
2,_addFlagsFromEnvVar,0.09221076746849943,0.24203821656050956,1,0.26299694189602446,0.0749063670411985,0.08178438661710037,0.04572725798605481,0.057943330149633876,0.14869522402757263,0.10294117647058823,0.2976939203354298,0.08856088560885608,0.09558823529411764,0.09558823529411764,0.4165103189493433,0.10256410256410256,0.10909090909090909,0.2,0.0959409594095941,0.015444015444015444,0.012027210884353741,0.24024024024024024,0.24153166421207659,0.2526178010471204,0.2214765100671141,0.2803347280334728,0.03065134099616858,0.009302512079231742,0.2556701030927835,0.22698072805139186,0.015444015444015444,0.33868092691622104,0.03065134099616858,0.030534351145038167,0.3325062034739454,0.24720893141945774,0.24203821656050956,0.2626865671641791,0.15658362989323843,0.17254568635784107,0.24203821656050956,0.28160919540229884,0.28431372549019607,0.015444015444015444,0.304029304029304,0.30687830687830686,0.25824175824175827,0.2956120092378753,0.20195439739413681,0.3282208588957055,0.2874432677760968,0.015384615384615385,0.3312302839116719,0.015384615384615385,0.13043478260869565,0.06766917293233082,0.015444015444015444,0.3128205128205128,0.08856088560885608,0.25333333333333335,0.10909090909090909,0.03816793893129771,0.08178438661710037,0.10909090909090909
3,_snocString,0.038124054462934945,0.5039370078740157,0.26299694189602446,1,0.25,0.2682926829268293,0.020066889632107024,0.0206726825266612,0.06399132321041215,0.25882352941176473,0.2689655172413793,0.2619047619047619,0.32941176470588235,0.32941176470588235,0.2023121387283237,0.27906976744186046,0.38636363636363635,0.49557522123893805,0.2857142857142857,0.05555555555555555,0.0033914066132428957,0.08254397834912043,0.10569105691056911,0.08351976137211037,0.25225225225225223,0.08842652795838751,0.10810810810810811,0.0027368590517588345,0.1476510067114094,0.11428571428571428,0.05555555555555555,0.18716577540106952,0.08108108108108109,0.13333333333333333,0.24074074074074073,0.10121836925960637,0.28346456692913385,0.22972972972972974,0.2553191489361702,0.05263157894736842,0.28346456692913385,0.3105590062111801,0.28054298642533937,0.05555555555555555,0.20055710306406685,0.2931937172774869,0.23728813559322035,0.2601626016260163,0.35,0.15913978494623657,0.16033755274261605,0.0821917808219178,0.22371364653243847,0.0821917808219178,0.2696629213483146,0.20253164556962025,0.05555555555555555,0.3448275862068966,0.11904761904761904,0.16730038022813687,0.38636363636363635,0.13333333333333333,0.2682926829268293,0.29545454545454547
4,_usage,0.0061633281972265025,0.29850746268656714,0.0749063670411985,0.25,1,0.7272727272727273,0.0033783783783783786,0.0033140016570008283,0.011210762331838564,0.64,0.08695652173913043,0.75,0.64,0.64,0.055944055944055944,0.6923076923076923,0.5714285714285714,0.37735849056603776,0.6666666666666666,0.3333333333333333,0.0005479001725885544,0.014104372355430184,0.027777777777777776,0.0156128024980484,0.1568627450980392,0.014104372355430184,0.2857142857142857,0.00040296582849774337,0.025210084033613446,0.05454545454545454,0.3333333333333333,0.044585987261146494,0.2857142857142857,0.26666666666666666,0.07692307692307693,0.019860973187686197,0.1791044776119403,0.11363636363636363,0.29411764705882354,0.008547008547008548,0.1791044776119403,0.1188118811881188,0.08695652173913043,0.3333333333333333,0.046822742474916385,0.10687022900763359,0.06837606837606838,0.06451612903225806,0.1,0.03950617283950617,0.043478260869565216,0.3076923076923077,0.05167958656330749,0.3076923076923077,0.4827586206896552,0.5263157894736842,0.3333333333333333,0.11188811188811189,0.25,0.03940886699507389,0.5714285714285714,0.5333333333333333,0.7272727272727273,0.6428571428571429
5,_mySignalCatcher,0.0073914382506929475,0.34782608695652173,0.08178438661710037,0.2682926829268293,0.7272727272727273,1,0.004052684903748734,0.003975484512174921,0.013437849944008958,0.6666666666666666,0.10344827586206896,0.6923076923076923,0.8888888888888888,0.8888888888888888,0.06944444444444445,0.8571428571428571,0.8,0.43636363636363634,0.6923076923076923,0.2857142857142857,0.0006574441857279824,0.016901408450704224,0.02304147465437788,0.018706157443491817,0.1509433962264151,0.014064697609001406,0.25,0.00048353950920739815,0.025,0.04504504504504504,0.2857142857142857,0.05063291139240506,0.25,0.23529411764705882,0.0759493670886076,0.02180376610505451,0.17391304347826086,0.1111111111111111,0.2777777777777778,0.009487666034155597,0.17391304347826086,0.11650485436893204,0.0736196319018405,0.2857142857142857,0.053156146179401995,0.09022556390977443,0.06722689075630252,0.06382978723404255,0.0967741935483871,0.04914004914004914,0.04807692307692308,0.26666666666666666,0.061696658097686374,0.26666666666666666,0.45161290322580644,0.47619047619047616,0.2857142857142857,0.12413793103448276,0.23076923076923078,0.03902439024390244,0.8,0.47058823529411764,1,0.6666666666666666
6,_compress,0.5594313832695462,0.019105077928607342,0.04572725798605481,0.020066889632107024,0.0033783783783783786,0.004052684903748734,1,0.7770423125261835,0.38365434669443,0.005063291139240506,0.07112561174551386,0.004726536124240378,0.005063291139240506,0.005063291139240506,0.038797284190106696,0.005399932500843739,0.006072874493927126,0.014446497564253317,0.004726536124240378,0.0006765899864682003,0.25757611489753085,0.14074883848045913,0.041377132027795326,0.11196212226709372,0.011090573012939002,0.047208352246935995,0.0010145417653026716,0.1991284304545127,0.026392961876832845,0.021241830065359478,0.0006765899864682003,0.047956227872545866,0.0010145417653026716,0.0016906170752324597,0.03071334214002642,0.08715795569711887,0.015082956259426848,0.01569806279225117,0.0064037748567576675,0.1066699975018736,0.015082956259426848,0.018996833861023164,0.028708133971291867,0.0006765899864682003,0.044523310211324406,0.024208257337091692,0.021937842778793418,0.03286230693394676,0.011073825503355705,0.0859635210150674,0.09787773202407349,0.0010147133434804667,0.09225385716557977,0.0010147133434804667,0.0057345252150446955,0.0030410542321338066,0.0006765899864682003,0.03210325997021347,0.0027008777852802163,0.024905784040635752,0.006072874493927126,0.0016906170752324597,0.004052684903748734,0.006072874493927126
7,_uncompress,0.5596112311015119,0.018743834265044394,0.057943330149633876,0.0206726825266612,0.0033140016570008283,0.003975484512174921,0.7770423125261835,1,0.4274907039364021,0.004966887417218543,0.06981585268214571,0.004636529226693161,0.004966887417218543,0.004966887417218543,0.04951594984923028,0.005297136235722562,0.005957305973854046,0.014172709294660513,0.004636529226693161,0.000663680106188817,0.2508114210452044,0.1625184985873806,0.050255932992089344,0.12280701754385964,0.012199142762940983,0.06543723973825104,0.0013269198872118096,0.1959135263356515,0.033264033264033266,0.027906976744186046,0.000663680106188817,0.05688102385842945,0.0009951899154088573,0.001658374792703151,0.03305785123966942,0.097977784107092,0.015784281486353174,0.01900704571522202,0.006612663250123987,0.1251077453515577,0.015784281486353174,0.02223675604970569,0.03465025906735751,0.000663680106188817,0.05289832119100412,0.026684022128213473,0.02674494455316373,0.03805837768101919,0.012839506172839505,0.09501557632398754,0.1026598226784881,0.0009953550099535502,0.09746954076850985,0.0009953550099535502,0.005956320317670417,0.0029830957905203847,0.000663680106188817,0.03572588502760637,0.0036429872495446266,0.02894821486008363,0.005957305973854046,0.001658374792703151,0.003975484512174921,0.005957305973854046
8,_testf,0.5450189658614494,0.0622610595303113,0.14869522402757263,0.06399132321041215,0.011210762331838564,0.013437849944008958,0.38365434669443,0.4274907039364021,1,0.016769144773616546,0.2136409227683049,0.015659955257270694,0.016769144773616546,0.016769144773616546,0.1326829268292683,0.017877094972067038,0.020089285714285716,0.04733076499724821,0.015659955257270694,0.0022522522522522522,0.08142786212663652,0.3060967944688875,0.12112932604735883,0.2561576354679803,0.03746556473829201,0.1512333198544278,0.0044994375703037125,0.060899680909020155,0.08691308691308691,0.07661290322580645,0.0022522522522522522,0.14148219441770934,0.0022497187851518562,0.005621135469364812,0.09375,0.19992782389029232,0.0480611687602403,0.05723542116630669,0.02224694104560623,0.2165374677002584,0.0480611687602403,0.06756032171581769,0.09662337662337663,0.0022522522522522522,0.1269995152690257,0.08337730870712401,0.07655502392344497,0.09846153846153846,0.04276315789473684,0.2471184877823882,0.27548209366391185,0.0033764772087788407,0.2556950255695026,0.0033764772087788407,0.020078081427774678,0.010095344924284913,0.0022522522522522522,0.10277923439958049,0.012304250559284116,0.07930859176410777,0.020089285714285716,0.005621135469364812,0.013437849944008958,0.020089285714285716
9,_showFileNames,0.009230769230769232,0.3055555555555556,0.10294117647058823,0.25882352941176473,0.64,0.6666666666666666,0.005063291139240506,0.004966887417218543,0.016769144773616546,1,0.11063829787234042,0.7586206896551724,0.6,0.6,0.08247422680412371,0.6451612903225806,0.5454545454545454,0.3793103448275862,0.5517241379310345,0.23529411764705882,0.0008217377013257369,0.019676739283204497,0.04576659038901602,0.02177293934681182,0.2857142857142857,0.03081232492997199,0.21052631578947367,0.0005640953321111268,0.05761316872427984,0.05333333333333334,0.23529411764705882,0.06269592476489028,0.21052631578947367,0.4,0.09937888198757763,0.02766798418972332,0.25,0.17204301075268819,0.3076923076923077,0.01231643770724775,0.25,0.16981132075471697,0.12048192771084337,0.23529411764705882,0.07236842105263158,0.1323529411764706,0.09836065573770492,0.08376963350785341,0.15384615384615385,0.06341463414634146,0.057279236276849645,0.2222222222222222,0.0663265306122449,0.2222222222222222,0.4117647058823529,0.4166666666666667,0.23529411764705882,0.16216216216216217,0.27586206896551724,0.057692307692307696,0.5454545454545454,0.3,0.6666666666666666,0.48484848484848486
10,_cleanUpAndFail,0.12445730824891461,0.36101083032490977,0.2976939203354298,0.2689655172413793,0.08695652173913043,0.10344827586206896,0.07112561174551386,0.06981585268214571,0.2136409227683049,0.11063829787234042,1,0.1111111111111111,0.1276595744680851,0.1276595744680851,0.24193548387096775,0.13559322033898305,0.15126050420168066,0.3193916349809886,0.11965811965811966,0.018018018018018018,0.011657995805300575,0.2334152334152334,0.1308411214953271,0.2307176391683434,0.1685823754789272,0.13492927094668117,0.017857142857142856,0.008747642550459452,0.14732142857142858,0.08837209302325581,0.018018018018018018,0.3473282442748092,0.017857142857142856,0.035555555555555556,0.19672131147540983,0.22678718159408381,0.18050541516245489,0.1342281879194631,0.10655737704918032,0.14766839378238342,0.18050541516245489,0.17363344051446947,0.18328840970350405,0.018018018018018018,0.16895874263261296,0.1935483870967742,0.15902140672782875,0.18181818181818182,0.14814814814814814,0.46504065040650405,0.5737179487179487,0.017937219730941704,0.5125628140703518,0.017937219730941704,0.11715481171548117,0.07860262008733625,0.018018018018018018,0.311614730878187,0.05128205128205128,0.10653753026634383,0.15126050420168066,0.044444444444444446,0.10344827586206896,0.15126050420168066
11,_cadvise,0.008618036318867343,0.39436619718309857,0.08856088560885608,0.2619047619047619,0.75,0.6923076923076923,0.004726536124240378,0.004636529226693161,0.015659955257270694,0.7586206896551724,0.1111111111111111,1,0.6206896551724138,0.6206896551724138,0.08275862068965517,0.6666666666666666,0.5625,0.45614035087719296,0.7857142857142857,0.25,0.0007669761963459063,0.01828410689170183,0.03669724770642202,0.020233463035019456,0.2909090909090909,0.025245441795231416,0.2222222222222222,0.0005238133612700459,0.03305785123966942,0.05357142857142857,0.25,0.06289308176100629,0.2222222222222222,0.5263157894736842,0.125,0.02373887240356083,0.2535211267605634,0.15217391304347827,0.3684210526315789,0.011374407582938388,0.2535211267605634,0.19047619047619047,0.10909090909090909,0.25,0.07260726072607261,0.13333333333333333,0.09917355371900827,0.11578947368421053,0.1875,0.05378973105134474,0.05263157894736842,0.23529411764705882,0.06649616368286446,0.23529411764705882,0.48484848484848486,0.43478260869565216,0.25,0.1360544217687075,0.21428571428571427,0.04830917874396135,0.5625,0.3157894736842105,0.6923076923076923,0.5625
12,_outOfMemory,0.009230769230769232,0.4166666666666667,0.09558823529411764,0.32941176470588235,0.64,0.8888888888888888,0.005063291139240506,0.004966887417218543,0.016769144773616546,0.6,0.1276595744680851,0.6206896551724138,1,1,0.08247422680412371,0.7741935483870968,0.9090909090909091,0.5172413793103449,0.6896551724137931,0.23529411764705882,0.0008217377013257369,0.02108222066057625,0.02288329519450801,0.02332814930015552,0.14285714285714285,0.014005602240896359,0.21052631578947367,0.0006043878558333501,0.024691358024691357,0.044444444444444446,0.23529411764705882,0.05642633228840126,0.21052631578947367,0.2,0.07453416149068323,0.02766798418972332,0.16666666666666666,0.10752688172043011,0.2564102564102564,0.01231643770724775,0.16666666666666666,0.11320754716981132,0.08433734939759036,0.23529411764705882,0.05921052631578947,0.10294117647058823,0.06557377049180328,0.07329842931937172,0.09230769230769231,0.05853658536585366,0.057279236276849645,0.2222222222222222,0.07653061224489796,0.2222222222222222,0.4117647058823529,0.4166666666666667,0.23529411764705882,0.16216216216216217,0.20689655172413793,0.038461538461538464,0.9090909090909091,0.4,0.8888888888888888,0.6666666666666666
13,_panic,0.009230769230769232,0.4166666666666667,0.09558823529411764,0.32941176470588235,0.64,0.8888888888888888,0.005063291139240506,0.004966887417218543,0.016769144773616546,0.6,0.1276595744680851,0.6206896551724138,1,1,0.08247422680412371,0.7741935483870968,0.9090909090909091,0.5172413793103449,0.6896551724137931,0.23529411764705882,0.0008217377013257369,0.02108222066057625,0.02288329519450801,0.02332814930015552,0.14285714285714285,0.014005602240896359,0.21052631578947367,0.0006043878558333501,0.024691358024691357,0.044444444444444446,0.23529411764705882,0.05642633228840126,0.21052631578947367,0.2,0.07453416149068323,0.02766798418972332,0.16666666666666666,0.10752688172043011,0.2564102564102564,0.01231643770724775,0.16666666666666666,0.11320754716981132,0.08433734939759036,0.23529411764705882,0.05921052631578947,0.10294117647058823,0.06557377049180328,0.07329842931937172,0.09230769230769231,0.05853658536585366,0.057279236276849645,0.2222222222222222,0.07653061224489796,0.2222222222222222,0.4117647058823529,0.4166666666666667,0.23529411764705882,0.16216216216216217,0.20689655172413793,0.038461538461538464,0.9090909090909091,0.4,0.8888888888888888,0.6666666666666666
14,_uInt64_toAscii,0.07177442324124181,0.21021021021021022,0.4165103189493433,0.2023121387283237,0.055944055944055944,0.06944444444444445,0.038797284190106696,0.04951594984923028,0.1326829268292683,0.08247422680412371,0.24193548387096775,0.08275862068965517,0.08247422680412371,0.08247422680412371,1,0.0821917808219178,0.09523809523809523,0.16300940438871472,0.08275862068965517,0.014388489208633094,0.010443580189833827,0.21852731591448932,0.22063037249283668,0.22495151906916613,0.17665615141955837,0.2605128205128205,0.02857142857142857,0.008577498096116076,0.26587301587301587,0.2222222222222222,0.014388489208633094,0.25862068965517243,0.02142857142857143,0.028469750889679714,0.24644549763033174,0.20581304006284368,0.16216216216216217,0.21468926553672316,0.12666666666666668,0.1543001686340641,0.16216216216216217,0.2125340599455041,0.22950819672131148,0.014388489208633094,0.2513274336283186,0.2518891687657431,0.2297650130548303,0.23893805309734514,0.1656441717791411,0.23248882265275708,0.22941176470588234,0.014336917562724014,0.26952526799387444,0.014336917562724014,0.1016949152542373,0.056140350877192984,0.014388489208633094,0.26405867970660146,0.07586206896551724,0.24307036247334754,0.09523809523809523,0.021352313167259787,0.06944444444444445,0.10884353741496598
15,_configError,0.00984312519224854,0.3835616438356164,0.10256410256410256,0.27906976744186046,0.6923076923076923,0.8571428571428571,0.005399932500843739,0.005297136235722562,0.017877094972067038,0.6451612903225806,0.13559322033898305,0.6666666666666666,0.7741935483870968,0.7741935483870968,0.0821917808219178,1,0.7058823529411765,0.4745762711864407,0.6,0.2222222222222222,0.0008764962064148566,0.02247191011235955,0.0365296803652968,0.023310023310023312,0.2807017543859649,0.025174825174825177,0.2,0.0006043756799226399,0.040983606557377046,0.04424778761061947,0.2222222222222222,0.05625,0.2,0.2857142857142857,0.09876543209876543,0.029615004935834157,0.2191780821917808,0.1276595744680851,0.3,0.013257575757575758,0.2191780821917808,0.14953271028037382,0.09580838323353294,0.2222222222222222,0.07213114754098361,0.145985401459854,0.08130081300813008,0.08333333333333333,0.12121212121212122,0.0681265206812652,0.05714285714285714,0.21052631578947367,0.07633587786259542,0.21052631578947367,0.45714285714285713,0.48,0.2222222222222222,0.1476510067114094,0.2,0.05741626794258373,0.7058823529411765,0.38095238095238093,0.8571428571428571,0.6470588235294118
16,_crcError,0.011066707654472794,0.48,0.10909090909090909,0.38636363636363635,0.5714285714285714,0.8,0.006072874493927126,0.005957305973854046,0.020089285714285716,0.5454545454545454,0.15126050420168066,0.5625,0.9090909090909091,0.9090909090909091,0.09523809523809523,0.7058823529411765,1,0.5901639344262295,0.625,0.2,0.0009860042179069323,0.025245441795231416,0.022727272727272728,0.027928626842513578,0.13559322033898305,0.01394700139470014,0.18181818181818182,0.0007252215954875101,0.024390243902439025,0.043859649122807015,0.2,0.06832298136645963,0.18181818181818182,0.17391304347826086,0.07317073170731707,0.03152709359605911,0.16,0.10416666666666667,0.23809523809523808,0.014191106906338695,0.16,0.12844036697247707,0.09467455621301775,0.2,0.05863192182410423,0.11510791366906475,0.064,0.08247422680412371,0.08823529411764706,0.06779661016949153,0.06635071090047394,0.19047619047619047,0.09113924050632911,0.19047619047619047,0.3783783783783784,0.37037037037037035,0.2,0.1986754966887417,0.1875,0.037914691943127965,1,0.34782608695652173,0.8,0.6111111111111112
17,_compressedStreamEOF,0.026235509456985967,0.62,0.2,0.49557522123893805,0.37735849056603776,0.43636363636363634,0.014446497564253317,0.014172709294660513,0.04733076499724821,0.3793103448275862,0.3193916349809886,0.45614035087719296,0.5172413793103449,0.5172413793103449,0.16300940438871472,0.4745762711864407,0.5901639344262295,1,0.42105263157894735,0.08888888888888889,0.002353842785198161,0.059269469331495524,0.08172043010752689,0.060882800608828,0.2857142857142857,0.05929919137466307,0.0851063829787234,0.0017316017316017316,0.0959409594095941,0.07905138339920949,0.08888888888888889,0.1786743515850144,0.0851063829787234,0.16666666666666666,0.1693121693121693,0.075,0.34,0.23140495867768596,0.3283582089552239,0.035530621785881254,0.34,0.22388059701492538,0.1958762886597938,0.08888888888888889,0.13855421686746988,0.21951219512195122,0.18666666666666668,0.182648401826484,0.23655913978494625,0.1643835616438356,0.1610738255033557,0.08695652173913043,0.19523809523809524,0.08695652173913043,0.3870967741935484,0.3076923076923077,0.08888888888888889,0.38636363636363635,0.17543859649122806,0.1016949152542373,0.5901639344262295,0.20833333333333334,0.43636363636363634,0.5573770491803278
18,_OUTLINED_FUNCTION_0,0.008618036318867343,0.39436619718309857,0.0959409594095941,0.2857142857142857,0.6666666666666666,0.6923076923076923,0.004726536124240378,0.004636529226693161,0.015659955257270694,0.5517241379310345,0.11965811965811966,0.7857142857142857,0.6896551724137931,0.6896551724137931,0.08275862068965517,0.6,0.625,0.42105263157894735,1,0.25,0.0007669761963459063,0.01828410689170183,0.03669724770642202,0.020233463035019456,0.2545454545454545,0.02244039270687237,0.2222222222222222,0.0005641066967523572,0.024793388429752067,0.03571428571428571,0.25,0.05660377358490566,0.2222222222222222,0.21052631578947367,0.1125,0.025717111770524232,0.19718309859154928,0.10869565217391304,0.3684210526315789,0.012322274881516588,0.19718309859154928,0.13333333333333333,0.08484848484848485,0.25,0.066006600660066,0.11851851851851852,0.06611570247933884,0.09473684210526316,0.09375,0.05867970660146699,0.05741626794258373,0.23529411764705882,0.06649616368286446,0.23529411764705882,0.42424242424242425,0.34782608695652173,0.25,0.12244897959183673,0.21428571428571427,0.03864734299516908,0.625,0.3157894736842105,0.6923076923076923,0.5625
19,_OUTLINED_FUNCTION_1,0.001235712079085573,0.06779661016949153,0.015444015444015444,0.05555555555555555,0.3333333333333333,0.2857142857142857,0.0006765899864682003,0.000663680106188817,0.0022522522522522522,0.23529411764705882,0.018018018018018018,0.25,0.23529411764705882,0.23529411764705882,0.014388489208633094,0.2222222222222222,0.2,0.08888888888888889,0.25,1,0.00010960405535004795,0.0028368794326241137,0.0047169811320754715,0.003142183817753339,0.046511627906976744,0.0028530670470756064,0.3333333333333333,0.00008060615831049492,0.008695652173913044,0.018867924528301886,0.5,0.006535947712418301,0.6666666666666666,0.5714285714285714,0.013513513513513514,0.004004004004004004,0.03389830508474576,0.025,0.07692307692307693,0.0009532888465204957,0.03389830508474576,0.043010752688172046,0.026143790849673203,1,0.013745704467353952,0.032520325203252036,0.03669724770642202,0.011235955056179775,0.038461538461538464,0.010075566750629723,0.009852216748768473,0.8,0.010554089709762533,0.8,0.19047619047619047,0.36363636363636365,0.5,0.02962962962962963,0.125,0.010256410256410256,0.2,0.5714285714285714,0.2857142857142857,0.2
20,_BZ2_blockSort,0.1354712041884817,0.003119015047879617,0.012027210884353741,0.0033914066132428957,0.0005479001725885544,0.0006574441857279824,0.25757611489753085,0.2508114210452044,0.08142786212663652,0.0008217377013257369,0.011657995805300575,0.0007669761963459063,0.0008217377013257369,0.0008217377013257369,0.010443580189833827,0.0008764962064148566,0.0009860042179069323,0.002353842785198161,0.0007669761963459063,0.00010960405535004795,1,0.0529273633941057,0.015603413246647704,0.034371358966211206,0.002134997536541304,0.02306947730694773,0.00021919609830945008,0.5864251291877141,0.010566161052258926,0.010516851483529956,0.00010960405535004795,0.013316302959480393,0.00021919609830945008,0.00027398761575976767,0.006550397117825268,0.031741797812750064,0.0027906976744186047,0.0038828580022422137,0.0013144562806364159,0.04234367306745446,0.0027906976744186047,0.004318827902908376,0.006767820106975221,0.00010960405535004795,0.012016747322059703,0.005844758835418146,0.0053551912568306015,0.007744961684256456,0.0025175820266535314,0.01762090652786814,0.019513781608260835,0.00016440157825515125,0.01817195551939246,0.00016440157825515125,0.000985977212971078,0.0004931236644567421,0.00010960405535004795,0.0067165401627259326,0.0007121921823211987,0.009649457558741754,0.0009860042179069323,0.00027398761575976767,0.0006574441857279824,0.0009860042179069323
21,_fallbackSort,0.2330389834158949,0.07508532423208192,0.24024024024024024,0.08254397834912043,0.014104372355430184,0.016901408450704224,0.14074883848045913,0.1625184985873806,0.3060967944688875,0.019676739283204497,0.2334152334152334,0.01828410689170183,0.02108222066057625,0.02108222066057625,0.21852731591448932,0.02247191011235955,0.025245441795231416,0.059269469331495524,0.01828410689170183,0.0028368794326241137,0.0529273633941057,1,0.2863387978142076,0.3635684957073535,0.05244996549344375,0.3293782629330802,0.0056657223796034,0.042367234959827554,0.2200488997555012,0.20024721878862795,0.0028368794326241137,0.23481308411214954,0.0056657223796034,0.007077140835102618,0.1402831402831403,0.35592515592515594,0.06279863481228669,0.08613728129205922,0.0335195530726257,0.3670091324200913,0.06279863481228669,0.1000667111407605,0.150096215522771,0.0028368794326241137,0.23453152622274603,0.12688031393067364,0.12409240924092409,0.16666666666666666,0.0644718792866941,0.30615640599001664,0.31125827814569534,0.004252303330970942,0.292436974789916,0.004252303330970942,0.023826208829712685,0.012702893436838392,0.0028368794326241137,0.15704088254380272,0.01828410689170183,0.19737663960024984,0.025245441795231416,0.007077140835102618,0.016901408450704224,0.025245441795231416
22,_mainGtU,0.0847689362865737,0.10438413361169102,0.24153166421207659,0.10569105691056911,0.027777777777777776,0.02304147465437788,0.041377132027795326,0.050255932992089344,0.12112932604735883,0.04576659038901602,0.1308411214953271,0.03669724770642202,0.02288329519450801,0.02288329519450801,0.22063037249283668,0.0365296803652968,0.022727272727272728,0.08172043010752689,0.03669724770642202,0.0047169811320754715,0.015603413246647704,0.2863387978142076,1,0.2090962787950384,0.1079913606911447,0.31222123104371097,0.014084507042253521,0.01390776117017025,0.4369230769230769,0.4651898734177215,0.009433962264150943,0.19008264462809918,0.009389671361502348,0.01405152224824356,0.29225352112676056,0.33403805496828753,0.12943632567849686,0.136,0.08520179372197309,0.26131850675139,0.12943632567849686,0.15204678362573099,0.33158813263525305,0.0047169811320754715,0.4219409282700422,0.21731123388581952,0.32136105860113423,0.3511705685618729,0.13983050847457626,0.3011015911872705,0.23486682808716708,0.004705882352941176,0.22528160200250313,0.004705882352941176,0.05895691609977324,0.02320185614849188,0.009433962264150943,0.2918918918918919,0.03669724770642202,0.44552845528455287,0.022727272727272728,0.00936768149882904,0.02304147465437788,0.05454545454545454
23,_BZ2_hbMakeCodeLengths,0.18996893031513537,0.07981927710843373,0.2526178010471204,0.08351976137211037,0.0156128024980484,0.018706157443491817,0.11196212226709372,0.12280701754385964,0.2561576354679803,0.02177293934681182,0.2307176391683434,0.020233463035019456,0.02332814930015552,0.02332814930015552,0.22495151906916613,0.023310023310023312,0.027928626842513578,0.060882800608828,0.020233463035019456,0.003142183817753339,0.034371358966211206,0.3635684957073535,0.2090962787950384,1,0.056402439024390245,0.3238578680203046,0.006274509803921568,0.03301043365492307,0.19479653102068045,0.17150573936529373,0.003142183817753339,0.23873015873015874,0.006274509803921568,0.007836990595611285,0.14396612561750177,0.3236331569664903,0.07078313253012049,0.09636767976278725,0.03552123552123552,0.2981882981882982,0.07078313253012049,0.1013215859030837,0.14486638537271448,0.003142183817753339,0.2,0.13649425287356323,0.11901306240928883,0.1575673807878369,0.06661619984859955,0.29891956782713086,0.28776119402985073,0.0031397174254317113,0.2936893203883495,0.0031397174254317113,0.027906976744186046,0.0140625,0.003142183817753339,0.14957264957264957,0.020233463035019456,0.18032786885245902,0.027928626842513578,0.007836990595611285,0.018706157443491817,0.027928626842513578
24,_BZ2_hbAssignCodes,0.02197802197802198,0.32653061224489793,0.2214765100671141,0.25225225225225223,0.1568627450980392,0.1509433962264151,0.011090573012939002,0.012199142762940983,0.03746556473829201,0.2857142857142857,0.1685823754789272,0.2909090909090909,0.14285714285714285,0.14285714285714285,0.17665615141955837,0.2807017543859649,0.13559322033898305,0.2857142857142857,0.2545454545454545,0.046511627906976744,0.002134997536541304,0.05244996549344375,0.1079913606911447,0.056402439024390245,1,0.0945945945945946,0.08888888888888889,0.001610857177375511,0.17843866171003717,0.08764940239043825,0.046511627906976744,0.11014492753623188,0.044444444444444446,0.08695652173913043,0.20320855614973263,0.0674373795761079,0.2653061224489796,0.23529411764705882,0.36923076923076925,0.036499766027140855,0.2653061224489796,0.3333333333333333,0.19791666666666666,0.046511627906976744,0.15151515151515152,0.2716049382716049,0.20270270270270271,0.18433179723502305,0.26373626373626374,0.12385321100917432,0.11235955056179775,0.09090909090909091,0.1291866028708134,0.09090909090909091,0.3,0.2,0.09302325581395349,0.2413793103448276,0.14545454545454545,0.1282051282051282,0.13559322033898305,0.043478260869565216,0.1509433962264151,0.2033898305084746
25,_BZ2_hbCreateDecodeTables,0.09354346720894764,0.07407407407407407,0.2803347280334728,0.08842652795838751,0.014104372355430184,0.014064697609001406,0.047208352246935995,0.06543723973825104,0.1512333198544278,0.03081232492997199,0.13492927094668117,0.025245441795231416,0.014005602240896359,0.014005602240896359,0.2605128205128205,0.025174825174825177,0.01394700139470014,0.05929919137466307,0.02244039270687237,0.0028530670470756064,0.02306947730694773,0.3293782629330802,0.31222123104371097,0.3238578680203046,0.0945945945945946,1,0.011379800853485065,0.023489199340235686,0.29557713052858686,0.30363036303630364,0.005706134094151213,0.2831505483549352,0.008534850640113799,0.011363636363636364,0.1727810650887574,0.35495283018867924,0.08994708994708994,0.138996138996139,0.0636237897648686,0.29481216457960646,0.08994708994708994,0.14936708860759493,0.2235294117647059,0.0028530670470756064,0.3097165991902834,0.1975609756097561,0.18858560794044665,0.23542857142857143,0.1041388518024032,0.2413162705667276,0.2230281051677244,0.002849002849002849,0.22304832713754646,0.002849002849002849,0.03899721448467967,0.014124293785310734,0.0028530670470756064,0.19471153846153846,0.030855539971949508,0.2982062780269058,0.01394700139470014,0.005681818181818182,0.014064697609001406,0.030683403068340307
26,_BZ2_bsInitWrite,0.002469898116702686,0.06557377049180328,0.03065134099616858,0.10810810810810811,0.2857142857142857,0.25,0.0010145417653026716,0.0013269198872118096,0.0044994375703037125,0.21052631578947367,0.017857142857142856,0.2222222222222222,0.21052631578947367,0.21052631578947367,0.02857142857142857,0.2,0.18181818181818182,0.0851063829787234,0.2222222222222222,0.3333333333333333,0.00021919609830945008,0.0056657223796034,0.014084507042253521,0.006274509803921568,0.08888888888888889,0.011379800853485065,1,0.00016120581953008503,0.034482758620689655,0.037383177570093455,0.3333333333333333,0.025974025974025976,0.25,0.2222222222222222,0.04,0.007992007992007992,0.06557377049180328,0.0975609756097561,0.21428571428571427,0.002857142857142857,0.06557377049180328,0.06315789473684211,0.05161290322580645,0.3333333333333333,0.027303754266211604,0.064,0.07207207207207207,0.044444444444444446,0.14814814814814814,0.015037593984962405,0.0196078431372549,0.2857142857142857,0.02099737532808399,0.2857142857142857,0.2608695652173913,0.15384615384615385,0.3333333333333333,0.058394160583941604,0.3333333333333333,0.04060913705583756,0.18181818181818182,0.2222222222222222,0.25,0.18181818181818182
27,_BZ2_compressBlock,0.10708137049019051,0.0022544737212906864,0.009302512079231742,0.0027368590517588345,0.00040296582849774337,0.00048353950920739815,0.1991284304545127,0.1959135263356515,0.060899680909020155,0.0005640953321111268,0.008747642550459452,0.0005238133612700459,0.0006043878558333501,0.0006043878558333501,0.008577498096116076,0.0006043756799226399,0.0007252215954875101,0.0017316017316017316,0.0005641066967523572,0.00008060615831049492,0.5864251291877141,0.042367234959827554,0.01390776117017025,0.03301043365492307,0.001610857177375511,0.023489199340235686,0.00016120581953008503,1,0.009147442326980943,0.008348049446139027,0.00008060615831049492,0.01085606697912911,0.00016120581953008503,0.0002015032139762629,0.005103681080212185,0.034730042079061225,0.0020129229654381126,0.0027364185110663984,0.000966845264472465,0.05700143083645926,0.0020129229654381126,0.0033391668175326373,0.005746087236051674,0.00008060615831049492,0.010017831740498086,0.004623766158052389,0.004021798145951055,0.006466123137475401,0.0018924142373973264,0.014195173640962074,0.015112141686323112,0.00008060453400503778,0.014120282405648114,0.00008060453400503778,0.0007252069861606333,0.0003626765529608511,0.00008060615831049492,0.0051050145713998595,0.0005641066967523572,0.007668372980026096,0.0007252215954875101,0.0002015032139762629,0.00048353950920739815,0.0007252215954875101
28,_bsPutUInt32,0.04909038406006353,0.09824561403508772,0.2556701030927835,0.1476510067114094,0.025210084033613446,0.025,0.026392961876832845,0.033264033264033266,0.08691308691308691,0.05761316872427984,0.14732142857142858,0.03305785123966942,0.024691358024691357,0.024691358024691357,0.26587301587301587,0.040983606557377046,0.024390243902439025,0.0959409594095941,0.024793388429752067,0.008695652173913044,0.010566161052258926,0.2200488997555012,0.4369230769230769,0.19479653102068045,0.17843866171003717,0.29557713052858686,0.034482758620689655,0.009147442326980943,1,0.5799086757990868,0.008695652173913044,0.21804511278195488,0.017241379310344827,0.017167381974248927,0.2994652406417112,0.3036734693877551,0.1824561403508772,0.26143790849673204,0.10317460317460317,0.1764199655765921,0.1824561403508772,0.219435736677116,0.42216358839050133,0.008695652173913044,0.425531914893617,0.332378223495702,0.43582089552238806,0.4306930693069307,0.26618705035971224,0.2857142857142857,0.2721518987341772,0.008658008658008658,0.24793388429752067,0.008658008658008658,0.08097165991902834,0.02531645569620253,0.008695652173913044,0.4099722991689751,0.08264462809917356,0.665083135391924,0.024390243902439025,0.017167381974248927,0.025,0.056910569105691054
29,_BZ2_decompress,0.12085922390025101,0.002421627333568158,0.010564615114851832,0.0027290534146180425,0.0003966767305022368,0.00048480574715176623,0.21549622637829827,0.2155588418430884,0.06872998027195011,0.0006169847075933189,0.009169280715993594,0.0005288556885039994,0.0006169847075933189,0.0006169847075933189,0.010122034046841795,0.0006610404777119185,0.0007491461936763248,0.001849812816560229,0.0005729269958793327,0.00004408296413850867,0.602907402882971,0.047247461250668095,0.016335801174954683,0.038509370041596984,0.0017618040873854828,0.027438892024486607,0.0001763240836657777,0.6653612523555359,0.0098256387761816,0.009083528972946881,0.00008816592827701734,0.012086444351995795,0.00013224306274933328,0.0001322401481089659,0.0057126535275635534,0.03921145716504184,0.0022014793941528706,0.0031246561777973376,0.0010134167566257628,0.06497692939763605,0.0022014793941528706,0.0036957191253464737,0.006502921920998286,0.00004408296413850867,0.011477133345014894,0.005100246218782975,0.0043541364296081275,0.007158070395011308,0.0020256732060682124,0.01573357807788121,0.016691791745865287,0.00008816398501212254,0.015827212311997203,0.00008816398501212254,0.0007931961397787864,0.0003526093088857546,0.00008816592827701734,0.005582417582417582,0.0005729269958793327,0.008252853380158033,0.0007491461936763248,0.00017632019747862118,0.00048480574715176623,0.0007491461936763248
30,_BZ2_bzlibVersion,0.001235712079085573,0.06779661016949153,0.015444015444015444,0.05555555555555555,0.3333333333333333,0.2857142857142857,0.0006765899864682003,0.000663680106188817,0.0022522522522522522,0.23529411764705882,0.018018018018018018,0.25,0.23529411764705882,0.23529411764705882,0.014388489208633094,0.2222222222222222,0.2,0.08888888888888889,0.25,0.5,0.00010960405535004795,0.0028368794326241137,0.009433962264150943,0.003142183817753339,0.046511627906976744,0.005706134094151213,0.3333333333333333,0.00008060615831049492,0.008695652173913044,0.018867924528301886,1,0.013071895424836602,0.3333333333333333,0.2857142857142857,0.02702702702702703,0.004004004004004004,0.06779661016949153,0.05,0.15384615384615385,0.0019065776930409914,0.06779661016949153,0.043010752688172046,0.026143790849673203,0.5,0.013745704467353952,0.032520325203252036,0.01834862385321101,0.02247191011235955,0.038461538461538464,0.010075566750629723,0.009852216748768473,0.4,0.010554089709762533,0.4,0.19047619047619047,0.36363636363636365,0.5,0.014814814814814815,0.125,0.020512820512820513,0.2,0.2857142857142857,0.2857142857142857,0.2
