result,105849365167,1
left,birthmark,bzip2-1.0.1,/Users/tamada/researches/2026snpd_tamada_experiments/experiments/experiment0/executables/bzip2-1.0.1,op-seq,2026-04-17T04:57:54.745901+00:00,4045000
right,birthmark,bzip2-1.0.1,/Users/tamada/researches/2026snpd_tamada_experiments/experiments/experiment0/executables/bzip2-1.0.1,op-seq,2026-04-17T04:57:54.745901+00:00,4045000
matrix,,entry,_mySIGSEGVorSIGBUScatcher,_addFlagsFromEnvVar,_snocString,_usage,_mySignalCatcher,_compress,_uncompress,_testf,_showFileNames,_cleanUpAndFail,_cadvise,_outOfMemory,_panic,_setInterimPermissions,_pad,_copyDatePermissionsAndOwner,_uInt64_toAscii,_configError,_crcError,_OUTLINED_FUNCTION_0,_OUTLINED_FUNCTION_1,_BZ2_blockSort,_fallbackSort,_mainGtU,_BZ2_hbMakeCodeLengths,_BZ2_hbAssignCodes,_BZ2_hbCreateDecodeTables,_BZ2_bsInitWrite,_BZ2_compressBlock,_bsPutUInt32,_BZ2_decompress,_BZ2_bzlibVersion,_BZ2_bzCompressInit,_default_bzalloc,_default_bzfree,_BZ2_bzCompress,_handle_compress,_BZ2_bzCompressEnd,_BZ2_bzDecompressInit,_BZ2_indexIntoF,_BZ2_bzDecompress,_BZ2_bzDecompressEnd,_BZ2_bzWriteOpen,_BZ2_bzWrite,_BZ2_bzWriteClose,_BZ2_bzWriteClose64,_BZ2_bzReadOpen,_BZ2_bzReadClose,_BZ2_bzRead,_BZ2_bzReadGetUnused,_BZ2_bzBuffToBuffCompress,_BZ2_bzBuffToBuffDecompress,_BZ2_bzopen,_bzopen_or_bzdopen,_BZ2_bzdopen,_BZ2_bzread,_BZ2_bzwrite,_BZ2_bzflush,_BZ2_bzclose,_BZ2_bzerror,_add_pair_to_block,_ioError,_compressedStreamEOF,_main.cold.2,_main.cold.3,_BZ2_bz__AssertH__fail
0,entry,1,0.03601895734597156,0.09687964338781575,0.03901825047199497,0.006414368184733804,0.007692307692307693,0.6171104203270712,0.6256736216664364,0.538942107455227,0.009606147934678195,0.09085328422344997,0.008968609865470852,0.009606147934678195,0.009606147934678195,0.0044943820224719105,0.01910828025477707,0.02729292288162488,0.09626769626769627,0.010243277848911651,0.011516314779270634,0.008968609865470852,0.0012861736334405145,0.1332277591887819,0.23870682019486272,0.08725212464589235,0.1948437143509012,0.022864401397268974,0.0956133438402942,0.002570694087403599,0.10297743220178267,0.050959232613908875,0.11769818114097709,0.0012861736334405145,0.08675263774912075,0.0012853470437017994,0.0032123353678123997,0.06392132759680394,0.15395858708891597,0.029067930489731438,0.032015065913371,0.012132822477650063,0.1858161648177496,0.029067930489731438,0.04063769928102532,0.053390610616753605,0.0012861736334405145,0.08419193405946424,0.050170331371941775,0.04541213063763608,0.061510353227771014,0.0253324889170361,0.16385954895803598,0.1765375854214123,0.0019286403085824494,0.17044476327116212,0.0019286403085824494,0.010873041253597697,0.005774783445620789,0.0012861736334405145,0.06421735103426984,0.007046764894298526,0.04847016055740685,0.011516314779270634,0.013422818791946308,0.0032123353678123997,0.007692307692307693,0.005774783445620789
1,_mySIGSEGVorSIGBUScatcher,0.03601895734597156,1,0.24203821656050956,0.5039370078740157,0.29850746268656714,0.34782608695652173,0.02621895124195032,0.027233635929288104,0.06510565391205025,0.3055555555555556,0.463768115942029,0.39436619718309857,0.4166666666666667,0.4166666666666667,0.1875,0.4044943820224719,0.52,0.11270983213429256,0.3835616438356164,0.48,0.39436619718309857,0.06779661016949153,0.003157894736842105,0.07508532423208192,0.10438413361169102,0.07957957957957958,0.32653061224489793,0.07407407407407407,0.06557377049180328,0.0022544737212906864,0.09824561403508772,0.0024295432458697765,0.06779661016949153,0.1772853185595568,0.06557377049180328,0.16129032258064516,0.16748768472906403,0.08918406072106262,0.24561403508771928,0.17777777777777778,0.2962962962962963,0.0500751126690035,0.24561403508771928,0.24324324324324326,0.16346153846153846,0.06779661016949153,0.13872832369942195,0.21348314606741572,0.14634146341463414,0.17167381974248927,0.205607476635514,0.1902654867256637,0.17787418655097614,0.06666666666666667,0.2304147465437788,0.06666666666666667,0.3157894736842105,0.24242424242424243,0.06779661016949153,0.3404255319148936,0.11267605633802817,0.088,0.48,0.5128205128205128,0.16129032258064516,0.34782608695652173,0.2727272727272727
2,_addFlagsFromEnvVar,0.09687964338781575,0.24203821656050956,1,0.26299694189602446,0.0749063670411985,0.08178438661710037,0.06112576956904134,0.08071135430916553,0.15786776012301384,0.10294117647058823,0.3095823095823096,0.08856088560885608,0.09558823529411764,0.09558823529411764,0.03787878787878788,0.16608996539792387,0.17333333333333334,0.25338491295938104,0.10256410256410256,0.10909090909090909,0.0959409594095941,0.015444015444015444,0.011900826446280991,0.24024024024024024,0.24153166421207659,0.2519582245430809,0.2214765100671141,0.2803347280334728,0.03065134099616858,0.009302512079231742,0.2556701030927835,0.010598997273287008,0.015444015444015444,0.33868092691622104,0.03065134099616858,0.030534351145038167,0.3325062034739454,0.24720893141945774,0.24203821656050956,0.2626865671641791,0.15658362989323843,0.18297678652708238,0.24203821656050956,0.28160919540229884,0.28431372549019607,0.015444015444015444,0.304029304029304,0.30687830687830686,0.25824175824175827,0.2956120092378753,0.20195439739413681,0.3282208588957055,0.2874432677760968,0.015384615384615385,0.3312302839116719,0.015384615384615385,0.13043478260869565,0.06766917293233082,0.015444015444015444,0.31443298969072164,0.08856088560885608,0.25333333333333335,0.10909090909090909,0.1223021582733813,0.03816793893129771,0.08178438661710037,0.06015037593984962
3,_snocString,0.03901825047199497,0.5039370078740157,0.26299694189602446,1,0.25,0.2682926829268293,0.027975235037835357,0.03000714455822815,0.06802721088435375,0.25882352941176473,0.33636363636363636,0.2619047619047619,0.32941176470588235,0.32941176470588235,0.12987012987012986,0.3333333333333333,0.40707964601769914,0.10861865407319952,0.27906976744186046,0.38636363636363635,0.2857142857142857,0.05555555555555555,0.003433666546672943,0.08254397834912043,0.10569105691056911,0.08327137546468401,0.25225225225225223,0.08842652795838751,0.10810810810810811,0.0027368590517588345,0.1476510067114094,0.002737971692905562,0.05555555555555555,0.18716577540106952,0.08108108108108109,0.13333333333333333,0.24074074074074073,0.10121836925960637,0.28346456692913385,0.22972972972972974,0.2553191489361702,0.056716417910447764,0.28346456692913385,0.3105590062111801,0.28054298642533937,0.05555555555555555,0.20055710306406685,0.2931937172774869,0.23728813559322035,0.2601626016260163,0.35,0.15913978494623657,0.16033755274261605,0.0821917808219178,0.22371364653243847,0.0821917808219178,0.2696629213483146,0.20253164556962025,0.05555555555555555,0.3383084577114428,0.11904761904761904,0.16730038022813687,0.38636363636363635,0.43956043956043955,0.13333333333333333,0.2682926829268293,0.20253164556962025
4,_usage,0.006414368184733804,0.29850746268656714,0.0749063670411985,0.25,1,0.7272727272727273,0.0046500813764240876,0.004832085044696787,0.011737089201877934,0.64,0.125,0.75,0.64,0.64,0.35294117647058826,0.38095238095238093,0.22641509433962265,0.025412960609911054,0.6923076923076923,0.5714285714285714,0.6666666666666666,0.3333333333333333,0.0005547388566832164,0.014104372355430184,0.027777777777777776,0.01556420233463035,0.1568627450980392,0.014104372355430184,0.2857142857142857,0.00040296582849774337,0.025210084033613446,0.0003979747507130381,0.3333333333333333,0.044585987261146494,0.2857142857142857,0.26666666666666666,0.07692307692307693,0.019860973187686197,0.1791044776119403,0.11363636363636363,0.29411764705882354,0.009230769230769232,0.1791044776119403,0.1188118811881188,0.08695652173913043,0.3333333333333333,0.046822742474916385,0.10687022900763359,0.06837606837606838,0.06451612903225806,0.1,0.03950617283950617,0.043478260869565216,0.3076923076923077,0.05167958656330749,0.3076923076923077,0.4827586206896552,0.5263157894736842,0.3333333333333333,0.11347517730496454,0.25,0.03940886699507389,0.5714285714285714,0.5161290322580645,0.5333333333333333,0.7272727272727273,0.7368421052631579
5,_mySignalCatcher,0.007692307692307693,0.34782608695652173,0.08178438661710037,0.2682926829268293,0.7272727272727273,1,0.005577504066930049,0.005795701521371649,0.01406799531066823,0.6666666666666666,0.14814814814814814,0.6923076923076923,0.8888888888888888,0.8888888888888888,0.3157894736842105,0.45454545454545453,0.2909090909090909,0.030418250950570342,0.8571428571428571,0.8,0.6923076923076923,0.2857142857142857,0.0006656497018444044,0.016901408450704224,0.02304147465437788,0.018648018648018648,0.1509433962264151,0.014064697609001406,0.25,0.00048353950920739815,0.025,0.0004863920762309036,0.2857142857142857,0.05063291139240506,0.25,0.23529411764705882,0.0759493670886076,0.02180376610505451,0.17391304347826086,0.1111111111111111,0.2777777777777778,0.010245901639344262,0.17391304347826086,0.11650485436893204,0.0736196319018405,0.2857142857142857,0.053156146179401995,0.09022556390977443,0.06722689075630252,0.06382978723404255,0.0967741935483871,0.04914004914004914,0.04807692307692308,0.26666666666666666,0.061696658097686374,0.26666666666666666,0.45161290322580644,0.47619047619047616,0.2857142857142857,0.1258741258741259,0.23076923076923078,0.03902439024390244,0.8,0.7272727272727273,0.47058823529411764,1,0.8571428571428571
6,_compress,0.6171104203270712,0.02621895124195032,0.06112576956904134,0.027975235037835357,0.0046500813764240876,0.005577504066930049,1,0.7401425178147268,0.4581453634085213,0.006967022758941012,0.06620130601215943,0.0065040650406504065,0.006967022758941012,0.006967022758941012,0.003257328990228013,0.014341892204487625,0.019843101061375174,0.06985003946329914,0.007429765498026469,0.008354606637270829,0.0065040650406504065,0.0009317493594223154,0.19502156989140676,0.17617125811545886,0.05516656057712709,0.14013654329859865,0.014773776546629732,0.06492985971943888,0.0013969732246798604,0.1478307643796487,0.0349634874972339,0.1614623308422541,0.0009317493594223154,0.06311207834602829,0.0013969732246798604,0.0023277467411545625,0.03966644128915934,0.11422087745839637,0.020699172033118676,0.021057450217441064,0.008342989571263035,0.13577274915743862,0.020699172033118676,0.02647193062528526,0.037370553804592525,0.0009317493594223154,0.05720524017467249,0.03218495013599275,0.0286493860845839,0.04253413924334005,0.01520387007601935,0.11224925309432351,0.12949946751863683,0.0013972985561248254,0.12210796915167095,0.0013972985561248254,0.00788863109048724,0.004186046511627907,0.0009317493594223154,0.04251469923111714,0.003716608594657375,0.031222123104371096,0.008354606637270829,0.00974025974025974,0.0023277467411545625,0.005577504066930049,0.004186046511627907
7,_uncompress,0.6256736216664364,0.027233635929288104,0.08071135430916553,0.03000714455822815,0.004832085044696787,0.005795701521371649,0.7401425178147268,1,0.5433625279065774,0.00723938223938224,0.07010983874737088,0.006758387641805455,0.00723938223938224,0.00723938223938224,0.0033849129593810446,0.015380918048546022,0.020613614573346116,0.08968609865470852,0.007720144752714113,0.008680974198215577,0.006758387641805455,0.0009682885499878964,0.1784327392213482,0.2080549033772801,0.07075368050977807,0.1624722427831236,0.016786570743405275,0.08989229494614748,0.0019356399709654004,0.1358486353742256,0.04636217580904292,0.1510091594390857,0.0009682885499878964,0.07579517256936612,0.0014517299782240503,0.0024189646831156266,0.04912280701754386,0.12875536480686695,0.022455805064500716,0.026622296173044926,0.00963159162051529,0.1585104630087329,0.022455805064500716,0.03222748815165877,0.04813084112149533,0.0009682885499878964,0.07333635129017656,0.039058823529411764,0.03777148253068933,0.053426248548199766,0.01866475233309404,0.1348364279398762,0.14295168762409,0.001452081316553727,0.13581890812250333,0.001452081316553727,0.008678881388621022,0.0043499275012083135,0.0009682885499878964,0.050234741784037557,0.005310161718561429,0.04072188801480796,0.008680974198215577,0.010120481927710843,0.0024189646831156266,0.005795701521371649,0.0043499275012083135
8,_testf,0.538942107455227,0.06510565391205025,0.15786776012301384,0.06802721088435375,0.011737089201877934,0.01406799531066823,0.4581453634085213,0.5433625279065774,1,0.017554125219426564,0.15835140997830802,0.01639344262295082,0.017554125219426564,0.017554125219426564,0.00823045267489712,0.03707995365005794,0.04951065054691998,0.16268717118575476,0.01871345029239766,0.02102803738317757,0.01639344262295082,0.0023584905660377358,0.0787025995707131,0.3152804642166344,0.1275992438563327,0.2620410912765241,0.03919308357348703,0.15796071876305892,0.004711425206124852,0.05701925325434562,0.09053069719042664,0.06518449043975018,0.0023584905660377358,0.14814814814814814,0.002355712603062426,0.005885815185403178,0.10543478260869565,0.20884429580081754,0.05025699600228441,0.060948081264108354,0.02211874272409779,0.22839845899834893,0.05025699600228441,0.07058823529411765,0.0986449864498645,0.0023584905660377358,0.13212304589006554,0.0859504132231405,0.08106607440310938,0.10588235294117647,0.04472477064220184,0.25658209669698423,0.28789323164918973,0.0035356511490866236,0.26460647030420087,0.0035356511490866236,0.021015761821366025,0.010569583088667059,0.0023584905660377358,0.1073972602739726,0.01288056206088993,0.08161102278749338,0.02102803738317757,0.024489795918367346,0.005885815185403178,0.01406799531066823,0.010569583088667059
9,_showFileNames,0.009606147934678195,0.3055555555555556,0.10294117647058823,0.25882352941176473,0.64,0.6666666666666666,0.006967022758941012,0.00723938223938224,0.017554125219426564,1,0.15757575757575756,0.7586206896551724,0.6,0.6,0.2727272727272727,0.425531914893617,0.27586206896551724,0.030303030303030304,0.6451612903225806,0.5454545454545454,0.5517241379310345,0.23529411764705882,0.0008319929003272505,0.019676739283204497,0.04576659038901602,0.021705426356589147,0.2857142857142857,0.03081232492997199,0.21052631578947367,0.0005640953321111268,0.05761316872427984,0.0006190034045187249,0.23529411764705882,0.06269592476489028,0.21052631578947367,0.4,0.09937888198757763,0.02766798418972332,0.25,0.17204301075268819,0.3076923076923077,0.01329923273657289,0.25,0.16981132075471697,0.12048192771084337,0.23529411764705882,0.07236842105263158,0.1323529411764706,0.09836065573770492,0.08376963350785341,0.15384615384615385,0.06341463414634146,0.057279236276849645,0.2222222222222222,0.0663265306122449,0.2222222222222222,0.4117647058823529,0.4166666666666667,0.23529411764705882,0.136986301369863,0.27586206896551724,0.057692307692307696,0.5454545454545454,0.5,0.3,0.6666666666666666,0.5833333333333334
10,_cleanUpAndFail,0.09085328422344997,0.463768115942029,0.3095823095823096,0.33636363636363636,0.125,0.14814814814814814,0.06620130601215943,0.07010983874737088,0.15835140997830802,0.15757575757575756,1,0.15853658536585366,0.18181818181818182,0.18181818181818182,0.06369426751592357,0.23076923076923078,0.32124352331606215,0.1725997842502697,0.1927710843373494,0.21428571428571427,0.17073170731707318,0.02631578947368421,0.00812311772994778,0.17201540436456997,0.1048951048951049,0.17684210526315788,0.19895287958115182,0.127208480565371,0.025974025974025976,0.005987302097564896,0.14814814814814814,0.006347946835945249,0.02631578947368421,0.30837004405286345,0.025974025974025976,0.05161290322580645,0.17567567567567569,0.1918047079337402,0.1932367149758454,0.13157894736842105,0.14942528735632185,0.12631578947368421,0.1932367149758454,0.1991701244813278,0.17940199335548174,0.02631578947368421,0.15945330296127563,0.1992619926199262,0.14785992217898833,0.1656441717791411,0.16,0.4,0.44404332129963897,0.026143790849673203,0.42125237191650855,0.026143790849673203,0.14201183431952663,0.11320754716981132,0.02631578947368421,0.31316725978647686,0.06097560975609756,0.09329446064139942,0.21428571428571427,0.24561403508771928,0.06451612903225806,0.14814814814814814,0.11320754716981132
11,_cadvise,0.008968609865470852,0.39436619718309857,0.08856088560885608,0.2619047619047619,0.75,0.6923076923076923,0.0065040650406504065,0.006758387641805455,0.01639344262295082,0.7586206896551724,0.15853658536585366,1,0.6206896551724138,0.6206896551724138,0.2857142857142857,0.43478260869565216,0.21052631578947367,0.03286978508217446,0.6666666666666666,0.5625,0.7857142857142857,0.25,0.0007765482430596001,0.01828410689170183,0.03669724770642202,0.02017067494181536,0.2909090909090909,0.025245441795231416,0.2222222222222222,0.0005238133612700459,0.03305785123966942,0.0005305860765370416,0.25,0.06289308176100629,0.2222222222222222,0.5263157894736842,0.125,0.02373887240356083,0.2535211267605634,0.15217391304347827,0.3684210526315789,0.012282497441146366,0.2535211267605634,0.19047619047619047,0.10909090909090909,0.25,0.07260726072607261,0.13333333333333333,0.09917355371900827,0.11578947368421053,0.1875,0.05378973105134474,0.05263157894736842,0.23529411764705882,0.06649616368286446,0.23529411764705882,0.48484848484848486,0.43478260869565216,0.25,0.13793103448275862,0.21428571428571427,0.04830917874396135,0.5625,0.5142857142857142,0.3157894736842105,0.6923076923076923,0.6086956521739131
12,_outOfMemory,0.009606147934678195,0.4166666666666667,0.09558823529411764,0.32941176470588235,0.64,0.8888888888888888,0.006967022758941012,0.00723938223938224,0.017554125219426564,0.6,0.18181818181818182,0.6206896551724138,1,1,0.2727272727272727,0.5106382978723404,0.3793103448275862,0.03535353535353535,0.7741935483870968,0.9090909090909091,0.6896551724137931,0.23529411764705882,0.0008319929003272505,0.02108222066057625,0.02288329519450801,0.023255813953488372,0.14285714285714285,0.014005602240896359,0.21052631578947367,0.0006043878558333501,0.024691358024691357,0.0006190034045187249,0.23529411764705882,0.05642633228840126,0.21052631578947367,0.2,0.07453416149068323,0.02766798418972332,0.16666666666666666,0.10752688172043011,0.2564102564102564,0.01329923273657289,0.16666666666666666,0.11320754716981132,0.08433734939759036,0.23529411764705882,0.05921052631578947,0.10294117647058823,0.06557377049180328,0.07329842931937172,0.09230769230769231,0.05853658536585366,0.057279236276849645,0.2222222222222222,0.07653061224489796,0.2222222222222222,0.4117647058823529,0.4166666666666667,0.23529411764705882,0.1643835616438356,0.20689655172413793,0.038461538461538464,0.9090909090909091,0.8333333333333334,0.4,0.8888888888888888,0.75
13,_panic,0.009606147934678195,0.4166666666666667,0.09558823529411764,0.32941176470588235,0.64,0.8888888888888888,0.006967022758941012,0.00723938223938224,0.017554125219426564,0.6,0.18181818181818182,0.6206896551724138,1,1,0.2727272727272727,0.5106382978723404,0.3793103448275862,0.03535353535353535,0.7741935483870968,0.9090909090909091,0.6896551724137931,0.23529411764705882,0.0008319929003272505,0.02108222066057625,0.02288329519450801,0.023255813953488372,0.14285714285714285,0.014005602240896359,0.21052631578947367,0.0006043878558333501,0.024691358024691357,0.0006190034045187249,0.23529411764705882,0.05642633228840126,0.21052631578947367,0.2,0.07453416149068323,0.02766798418972332,0.16666666666666666,0.10752688172043011,0.2564102564102564,0.01329923273657289,0.16666666666666666,0.11320754716981132,0.08433734939759036,0.23529411764705882,0.05921052631578947,0.10294117647058823,0.06557377049180328,0.07329842931937172,0.09230769230769231,0.05853658536585366,0.057279236276849645,0.2222222222222222,0.07653061224489796,0.2222222222222222,0.4117647058823529,0.4166666666666667,0.23529411764705882,0.1643835616438356,0.20689655172413793,0.038461538461538464,0.9090909090909091,0.8333333333333334,0.4,0.8888888888888888,0.75
14,_setInterimPermissions,0.0044943820224719105,0.1875,0.03787878787878788,0.12987012987012986,0.35294117647058826,0.3157894736842105,0.003257328990228013,0.0033849129593810446,0.00823045267489712,0.2727272727272727,0.06369426751592357,0.2857142857142857,0.2727272727272727,0.2727272727272727,1,0.2564102564102564,0.28,0.015306122448979591,0.34782608695652173,0.24,0.19047619047619047,0.4444444444444444,0.0003883495145631068,0.009893992932862191,0.018648018648018648,0.0109204368174727,0.08333333333333333,0.0113314447592068,0.18181818181818182,0.00028209313103225934,0.01702127659574468,0.00022111174987838854,0.2222222222222222,0.03215434083601286,0.36363636363636365,0.5,0.06535947712418301,0.01195219123505976,0.15625,0.09411764705882353,0.12903225806451613,0.005136106831022085,0.15625,0.10204081632653061,0.06329113924050633,0.4444444444444444,0.04054054054054054,0.078125,0.08771929824561403,0.04371584699453552,0.14035087719298245,0.024875621890547265,0.024330900243309004,0.4,0.036458333333333336,0.4,0.38461538461538464,0.375,0.2222222222222222,0.07246376811594203,0.19047619047619047,0.04,0.24,0.21428571428571427,0.5,0.3157894736842105,0.375
15,_pad,0.01910828025477707,0.4044943820224719,0.16608996539792387,0.3333333333333333,0.38095238095238093,0.45454545454545453,0.014341892204487625,0.015380918048546022,0.03707995365005794,0.425531914893617,0.23076923076923078,0.43478260869565216,0.5106382978723404,0.5106382978723404,0.2564102564102564,1,0.4266666666666667,0.054388133498145856,0.5,0.52,0.43478260869565216,0.11764705882352941,0.001774081774081774,0.044444444444444446,0.07048458149779736,0.045906656465187455,0.273972602739726,0.049247606019151846,0.1111111111111111,0.001288919321706207,0.12307692307692308,0.0013701354666195223,0.11764705882352941,0.11904761904761904,0.1111111111111111,0.16216216216216217,0.1348314606741573,0.056365403304178816,0.2247191011235955,0.21818181818181817,0.35714285714285715,0.02738336713995943,0.2247191011235955,0.1951219512195122,0.13114754098360656,0.11764705882352941,0.1059190031152648,0.19607843137254902,0.08633093525179857,0.11538461538461539,0.14634146341463414,0.10772833723653395,0.10550458715596331,0.11428571428571428,0.12224938875305623,0.11428571428571428,0.35294117647058826,0.34146341463414637,0.11764705882352941,0.24539877300613497,0.17391304347826086,0.08888888888888889,0.52,0.49056603773584906,0.2702702702702703,0.45454545454545453,0.3902439024390244
16,_copyDatePermissionsAndOwner,0.02729292288162488,0.52,0.17333333333333334,0.40707964601769914,0.22641509433962265,0.2909090909090909,0.019843101061375174,0.020613614573346116,0.04951065054691998,0.27586206896551724,0.32124352331606215,0.21052631578947367,0.3793103448275862,0.3793103448275862,0.28,0.4266666666666667,1,0.08292682926829269,0.3728813559322034,0.45901639344262296,0.2807017543859649,0.08888888888888889,0.0023831956991631105,0.057891109579600274,0.05161290322580645,0.05918057663125948,0.16666666666666666,0.029649595687331536,0.0425531914893617,0.0016510621161783953,0.03690036900369004,0.0017232998983694931,0.08888888888888889,0.16138328530259366,0.0851063829787234,0.16666666666666666,0.14814814814814814,0.06923076923076923,0.24,0.19834710743801653,0.1791044776119403,0.03731719616742309,0.24,0.16417910447761194,0.12371134020618557,0.08888888888888889,0.09036144578313253,0.15853658536585366,0.12,0.1095890410958904,0.17204301075268819,0.1461187214611872,0.13870246085011187,0.08695652173913043,0.1761904761904762,0.08695652173913043,0.2903225806451613,0.23076923076923078,0.044444444444444446,0.3103448275862069,0.07017543859649122,0.06779661016949153,0.45901639344262296,0.53125,0.16666666666666666,0.2909090909090909,0.23076923076923078
17,_uInt64_toAscii,0.09626769626769627,0.11270983213429256,0.25338491295938104,0.10861865407319952,0.025412960609911054,0.030418250950570342,0.06985003946329914,0.08968609865470852,0.16268717118575476,0.030303030303030304,0.1725997842502697,0.03286978508217446,0.03535353535353535,0.03535353535353535,0.015306122448979591,0.054388133498145856,0.08292682926829269,1,0.03278688524590164,0.04025157232704402,0.03286978508217446,0.005134788189987163,0.01884845192829984,0.28649885583524026,0.24186822351959966,0.2631578947368421,0.07823960880195599,0.3265582655826558,0.010243277848911651,0.021428996607075538,0.22686567164179106,0.02317592834159492,0.005134788189987163,0.20906567992599445,0.0076824583866837385,0.01278772378516624,0.13867822318526543,0.26268320180383314,0.06954436450839328,0.10994152046783626,0.04744069912609238,0.25248435774751565,0.06954436450839328,0.11059907834101383,0.16810344827586207,0.005134788189987163,0.2176360225140713,0.12694877505567928,0.1425339366515837,0.16998950682056663,0.0773881499395405,0.21160409556313994,0.21168501270110077,0.005128205128205128,0.24090121317157712,0.005128205128205128,0.03768844221105527,0.020356234096692113,0.005134788189987163,0.16299559471365638,0.02781289506953224,0.20412371134020618,0.04025157232704402,0.045112781954887216,0.010230179028132993,0.030418250950570342,0.022900763358778626
18,_configError,0.010243277848911651,0.3835616438356164,0.10256410256410256,0.27906976744186046,0.6923076923076923,0.8571428571428571,0.007429765498026469,0.007720144752714113,0.01871345029239766,0.6451612903225806,0.1927710843373494,0.6666666666666666,0.7741935483870968,0.7741935483870968,0.34782608695652173,0.5,0.3728813559322034,0.03278688524590164,1,0.7058823529411765,0.6,0.2222222222222222,0.0008874344823761058,0.02247191011235955,0.0365296803652968,0.023237800154918668,0.2807017543859649,0.025174825174825177,0.2,0.0006043756799226399,0.040983606557377046,0.0006632032718028076,0.2222222222222222,0.05625,0.2,0.2857142857142857,0.09876543209876543,0.029615004935834157,0.2191780821917808,0.1276595744680851,0.3,0.014314928425357873,0.2191780821917808,0.14953271028037382,0.09580838323353294,0.2222222222222222,0.07213114754098361,0.145985401459854,0.08130081300813008,0.08333333333333333,0.12121212121212122,0.0681265206812652,0.05714285714285714,0.21052631578947367,0.07633587786259542,0.21052631578947367,0.45714285714285713,0.48,0.2222222222222222,0.1360544217687075,0.2,0.05741626794258373,0.7058823529411765,0.6486486486486487,0.38095238095238093,0.8571428571428571,0.72
19,_crcError,0.011516314779270634,0.48,0.10909090909090909,0.38636363636363635,0.5714285714285714,0.8,0.008354606637270829,0.008680974198215577,0.02102803738317757,0.5454545454545454,0.21428571428571427,0.5625,0.9090909090909091,0.9090909090909091,0.24,0.52,0.45901639344262296,0.04025157232704402,0.7058823529411765,1,0.625,0.2,0.0009983084218407698,0.025245441795231416,0.022727272727272728,0.027842227378190254,0.13559322033898305,0.01394700139470014,0.18181818181818182,0.0007252215954875101,0.024390243902439025,0.000751597143930853,0.2,0.06832298136645963,0.18181818181818182,0.17391304347826086,0.07317073170731707,0.03152709359605911,0.16,0.10416666666666667,0.23809523809523808,0.015321756894790603,0.16,0.12844036697247707,0.09467455621301775,0.2,0.05863192182410423,0.11510791366906475,0.064,0.08247422680412371,0.08823529411764706,0.06779661016949153,0.06635071090047394,0.19047619047619047,0.09113924050632911,0.19047619047619047,0.3783783783783784,0.37037037037037035,0.2,0.20134228187919462,0.1875,0.037914691943127965,1,0.9230769230769231,0.34782608695652173,0.8,0.6666666666666666
20,_OUTLINED_FUNCTION_0,0.008968609865470852,0.39436619718309857,0.0959409594095941,0.2857142857142857,0.6666666666666666,0.6923076923076923,0.0065040650406504065,0.006758387641805455,0.01639344262295082,0.5517241379310345,0.17073170731707318,0.7857142857142857,0.6896551724137931,0.6896551724137931,0.19047619047619047,0.43478260869565216,0.2807017543859649,0.03286978508217446,0.6,0.625,1,0.25,0.0007765482430596001,0.01828410689170183,0.03669724770642202,0.02017067494181536,0.2545454545454545,0.02244039270687237,0.2222222222222222,0.0005641066967523572,0.024793388429752067,0.0005748015829151284,0.25,0.05660377358490566,0.2222222222222222,0.21052631578947367,0.1125,0.025717111770524232,0.19718309859154928,0.10869565217391304,0.3684210526315789,0.01330603889457523,0.19718309859154928,0.13333333333333333,0.08484848484848485,0.25,0.066006600660066,0.11851851851851852,0.06611570247933884,0.09473684210526316,0.09375,0.05867970660146699,0.05741626794258373,0.23529411764705882,0.06649616368286446,0.23529411764705882,0.42424242424242425,0.34782608695652173,0.25,0.12413793103448276,0.21428571428571427,0.03864734299516908,0.625,0.5714285714285714,0.3157894736842105,0.6923076923076923,0.6086956521739131
21,_OUTLINED_FUNCTION_1,0.0012861736334405145,0.06779661016949153,0.015444015444015444,0.05555555555555555,0.3333333333333333,0.2857142857142857,0.0009317493594223154,0.0009682885499878964,0.0023584905660377358,0.23529411764705882,0.02631578947368421,0.25,0.23529411764705882,0.23529411764705882,0.4444444444444444,0.11764705882352941,0.08888888888888889,0.005134788189987163,0.2222222222222222,0.2,0.25,1,0.00011097239561659037,0.0028368794326241137,0.0047169811320754715,0.0031323414252153485,0.046511627906976744,0.0028530670470756064,0.3333333333333333,0.00008060615831049492,0.008695652173913044,0.00004422723955684306,0.5,0.006535947712418301,0.6666666666666666,0.5714285714285714,0.013513513513513514,0.004004004004004004,0.03389830508474576,0.025,0.07692307692307693,0.0010298661174047373,0.03389830508474576,0.043010752688172046,0.026143790849673203,1,0.013745704467353952,0.032520325203252036,0.03669724770642202,0.011235955056179775,0.038461538461538464,0.010075566750629723,0.009852216748768473,0.8,0.010554089709762533,0.8,0.19047619047619047,0.36363636363636365,0.5,0.03007518796992481,0.125,0.010256410256410256,0.2,0.17391304347826086,0.5714285714285714,0.2857142857142857,0.36363636363636365
22,_BZ2_blockSort,0.1332277591887819,0.003157894736842105,0.011900826446280991,0.003433666546672943,0.0005547388566832164,0.0006656497018444044,0.19502156989140676,0.1784327392213482,0.0787025995707131,0.0008319929003272505,0.00812311772994778,0.0007765482430596001,0.0008319929003272505,0.0008319929003272505,0.0003883495145631068,0.001774081774081774,0.0023831956991631105,0.01884845192829984,0.0008874344823761058,0.0009983084218407698,0.0007765482430596001,0.00011097239561659037,1,0.05393714453552642,0.01601535719182778,0.03435339514443432,0.002161622879946791,0.023896358390942247,0.0002219324770438594,0.5902527286523084,0.010807532188249565,0.6093869213162364,0.00011097239561659037,0.013646243156243982,0.0002219324770438594,0.00027740790057700844,0.006687114869159137,0.032397408207343416,0.002770083102493075,0.003931231139780183,0.0013308564615853828,0.04280862491114446,0.002770083102493075,0.004427962583716168,0.0068519644139912695,0.00011097239561659037,0.012330727733127822,0.005972790620506581,0.0054218533886583676,0.007896407962671525,0.002548970714542986,0.018058071244305394,0.01980958652289626,0.00016645397547578093,0.018506315211422295,0.00016645397547578093,0.0009982807387277466,0.000499278819482969,0.00011097239561659037,0.0066898877646928735,0.0007210805114124857,0.009934871398609118,0.0009983084218407698,0.0011645962732919255,0.00027740790057700844,0.0006656497018444044,0.000499278819482969
23,_fallbackSort,0.23870682019486272,0.07508532423208192,0.24024024024024024,0.08254397834912043,0.014104372355430184,0.016901408450704224,0.17617125811545886,0.2080549033772801,0.3152804642166344,0.019676739283204497,0.17201540436456997,0.01828410689170183,0.02108222066057625,0.02108222066057625,0.009893992932862191,0.044444444444444446,0.057891109579600274,0.28649885583524026,0.02247191011235955,0.025245441795231416,0.01828410689170183,0.0028368794326241137,0.05393714453552642,1,0.2863387978142076,0.3660081997763697,0.05244996549344375,0.3293782629330802,0.0056657223796034,0.042367234959827554,0.2200488997555012,0.04731164346837669,0.0028368794326241137,0.23481308411214954,0.0056657223796034,0.007077140835102618,0.1402831402831403,0.35592515592515594,0.06279863481228669,0.08613728129205922,0.0335195530726257,0.3751493428912784,0.06279863481228669,0.1000667111407605,0.150096215522771,0.0028368794326241137,0.23453152622274603,0.12688031393067364,0.12409240924092409,0.16666666666666666,0.0644718792866941,0.30615640599001664,0.31125827814569534,0.004252303330970942,0.292436974789916,0.004252303330970942,0.023826208829712685,0.012702893436838392,0.0028368794326241137,0.15334632878492527,0.01828410689170183,0.19737663960024984,0.025245441795231416,0.02939118264520644,0.007077140835102618,0.016901408450704224,0.012702893436838392
24,_mainGtU,0.08725212464589235,0.10438413361169102,0.24153166421207659,0.10569105691056911,0.027777777777777776,0.02304147465437788,0.05516656057712709,0.07075368050977807,0.1275992438563327,0.04576659038901602,0.1048951048951049,0.03669724770642202,0.02288329519450801,0.02288329519450801,0.018648018648018648,0.07048458149779736,0.05161290322580645,0.24186822351959966,0.0365296803652968,0.022727272727272728,0.03669724770642202,0.0047169811320754715,0.01601535719182778,0.2863387978142076,1,0.20978196817913966,0.1079913606911447,0.31222123104371097,0.014084507042253521,0.01390776117017025,0.4369230769230769,0.016344953002782586,0.009433962264150943,0.19008264462809918,0.009389671361502348,0.01405152224824356,0.29225352112676056,0.33403805496828753,0.12943632567849686,0.136,0.08520179372197309,0.275190516511431,0.12943632567849686,0.15204678362573099,0.33158813263525305,0.0047169811320754715,0.4219409282700422,0.21731123388581952,0.32136105860113423,0.3511705685618729,0.13983050847457626,0.3011015911872705,0.23486682808716708,0.004705882352941176,0.22528160200250313,0.004705882352941176,0.05895691609977324,0.02320185614849188,0.009433962264150943,0.28933092224231466,0.03669724770642202,0.44552845528455287,0.022727272727272728,0.022573363431151242,0.00936768149882904,0.02304147465437788,0.02320185614849188
25,_BZ2_hbMakeCodeLengths,0.1948437143509012,0.07957957957957958,0.2519582245430809,0.08327137546468401,0.01556420233463035,0.018648018648018648,0.14013654329859865,0.1624722427831236,0.2620410912765241,0.021705426356589147,0.17684210526315788,0.02017067494181536,0.023255813953488372,0.023255813953488372,0.0109204368174727,0.045906656465187455,0.05918057663125948,0.2631578947368421,0.023237800154918668,0.027842227378190254,0.02017067494181536,0.0031323414252153485,0.03435339514443432,0.3660081997763697,0.20978196817913966,1,0.05623100303951368,0.3252279635258359,0.006254886630179828,0.03304713440870778,0.19427811044577512,0.03871467286101433,0.0031323414252153485,0.23812539582013934,0.006254886630179828,0.0078125,0.14356087262491204,0.3230633802816901,0.07057057057057058,0.09608277900960828,0.03541185527328714,0.30855365474339036,0.07057057057057058,0.10102489019033675,0.14305750350631136,0.0031323414252153485,0.2020460358056266,0.1361031518624642,0.11866859623733719,0.15575465196416263,0.06641509433962264,0.29820359281437125,0.2870756402620607,0.003129890453834116,0.2929782082324455,0.003129890453834116,0.027820710973724884,0.014018691588785047,0.0031323414252153485,0.1507823613086771,0.02017067494181536,0.17983651226158037,0.027842227378190254,0.030864197530864196,0.0078125,0.018648018648018648,0.014018691588785047
26,_BZ2_hbAssignCodes,0.022864401397268974,0.32653061224489793,0.2214765100671141,0.25225225225225223,0.1568627450980392,0.1509433962264151,0.014773776546629732,0.016786570743405275,0.03919308357348703,0.2857142857142857,0.19895287958115182,0.2909090909090909,0.14285714285714285,0.14285714285714285,0.08333333333333333,0.273972602739726,0.16666666666666666,0.07823960880195599,0.2807017543859649,0.13559322033898305,0.2545454545454545,0.046511627906976744,0.002161622879946791,0.05244996549344375,0.1079913606911447,0.05623100303951368,1,0.0945945945945946,0.08888888888888889,0.001610857177375511,0.17843866171003717,0.0017675651789659744,0.046511627906976744,0.11014492753623188,0.044444444444444446,0.08695652173913043,0.20320855614973263,0.0674373795761079,0.2653061224489796,0.23529411764705882,0.36923076923076925,0.03937405350832913,0.2653061224489796,0.3333333333333333,0.19791666666666666,0.046511627906976744,0.15151515151515152,0.2716049382716049,0.20270270270270271,0.18433179723502305,0.26373626373626374,0.12385321100917432,0.11235955056179775,0.09090909090909091,0.1291866028708134,0.09090909090909091,0.3,0.2,0.09302325581395349,0.23255813953488372,0.14545454545454545,0.1282051282051282,0.13559322033898305,0.12903225806451613,0.043478260869565216,0.1509433962264151,0.12
27,_BZ2_hbCreateDecodeTables,0.0956133438402942,0.07407407407407407,0.2803347280334728,0.08842652795838751,0.014104372355430184,0.014064697609001406,0.06492985971943888,0.08989229494614748,0.15796071876305892,0.03081232492997199,0.127208480565371,0.025245441795231416,0.014005602240896359,0.014005602240896359,0.0113314447592068,0.049247606019151846,0.029649595687331536,0.3265582655826558,0.025174825174825177,0.01394700139470014,0.02244039270687237,0.0028530670470756064,0.023896358390942247,0.3293782629330802,0.31222123104371097,0.3252279635258359,0.0945945945945946,1,0.011379800853485065,0.023489199340235686,0.29557713052858686,0.027570887233764538,0.005706134094151213,0.2831505483549352,0.008534850640113799,0.011363636363636364,0.1727810650887574,0.35495283018867924,0.08994708994708994,0.138996138996139,0.0636237897648686,0.31072375899962107,0.08994708994708994,0.14936708860759493,0.2235294117647059,0.0028530670470756064,0.3097165991902834,0.1975609756097561,0.18858560794044665,0.23542857142857143,0.1041388518024032,0.2413162705667276,0.2230281051677244,0.002849002849002849,0.22304832713754646,0.002849002849002849,0.03899721448467967,0.014124293785310734,0.0028530670470756064,0.19036144578313252,0.030855539971949508,0.2982062780269058,0.01394700139470014,0.013888888888888888,0.005681818181818182,0.014064697609001406,0.011299435028248588
28,_BZ2_bsInitWrite,0.002570694087403599,0.06557377049180328,0.03065134099616858,0.10810810810810811,0.2857142857142857,0.25,0.0013969732246798604,0.0019356399709654004,0.004711425206124852,0.21052631578947367,0.025974025974025976,0.2222222222222222,0.21052631578947367,0.21052631578947367,0.18181818181818182,0.1111111111111111,0.0425531914893617,0.010243277848911651,0.2,0.18181818181818182,0.2222222222222222,0.3333333333333333,0.0002219324770438594,0.0056657223796034,0.014084507042253521,0.006254886630179828,0.08888888888888889,0.011379800853485065,1,0.00016120581953008503,0.034482758620689655,0.0001769011343785242,0.3333333333333333,0.025974025974025976,0.25,0.2222222222222222,0.04,0.007992007992007992,0.06557377049180328,0.0975609756097561,0.21428571428571427,0.0030864197530864196,0.06557377049180328,0.06315789473684211,0.05161290322580645,0.3333333333333333,0.027303754266211604,0.064,0.07207207207207207,0.044444444444444446,0.14814814814814814,0.015037593984962405,0.0196078431372549,0.2857142857142857,0.02099737532808399,0.2857142857142857,0.2608695652173913,0.15384615384615385,0.3333333333333333,0.05925925925925926,0.3333333333333333,0.04060913705583756,0.18181818181818182,0.16,0.2222222222222222,0.25,0.3076923076923077
29,_BZ2_compressBlock,0.10297743220178267,0.0022544737212906864,0.009302512079231742,0.0027368590517588345,0.00040296582849774337,0.00048353950920739815,0.1478307643796487,0.1358486353742256,0.05701925325434562,0.0005640953321111268,0.005987302097564896,0.0005238133612700459,0.0006043878558333501,0.0006043878558333501,0.00028209313103225934,0.001288919321706207,0.0016510621161783953,0.021428996607075538,0.0006043756799226399,0.0007252215954875101,0.0005641066967523572,0.00008060615831049492,0.5902527286523084,0.042367234959827554,0.01390776117017025,0.03304713440870778,0.001610857177375511,0.023489199340235686,0.00016120581953008503,1,0.009147442326980943,0.6650077498128446,0.00008060615831049492,0.01085606697912911,0.00016120581953008503,0.0002015032139762629,0.005103681080212185,0.034730042079061225,0.0020129229654381126,0.0027364185110663984,0.000966845264472465,0.05496295721655483,0.0020129229654381126,0.0033391668175326373,0.005746087236051674,0.00008060615831049492,0.010017831740498086,0.004623766158052389,0.004021798145951055,0.006466123137475401,0.0018924142373973264,0.014195173640962074,0.015112141686323112,0.00008060453400503778,0.014120282405648114,0.00008060453400503778,0.0007252069861606333,0.0003626765529608511,0.00008060615831049492,0.005065021204751472,0.0005641066967523572,0.007668372980026096,0.0007252215954875101,0.0008460407308180408,0.0002015032139762629,0.00048353950920739815,0.0003626765529608511
