result,637363083,1
left,birthmark,bzip2-1.0.1,/Users/tamada/researches/2026snpd_tamada_experiments/experiments/experiment0/executables/bzip2-1.0.1,op-seq,2026-04-17T04:57:54.745901+00:00,4045000
right,birthmark,bzip2-1.0.1,/Users/tamada/researches/2026snpd_tamada_experiments/experiments/experiment0/executables/bzip2-1.0.1,op-seq,2026-04-17T04:57:54.745901+00:00,4045000
matrix,,entry,_mySIGSEGVorSIGBUScatcher,_addFlagsFromEnvVar,_snocString,_usage,_mySignalCatcher,_compress,_uncompress,_testf,_showFileNames,_cleanUpAndFail,_cadvise,_outOfMemory,_panic,_setInterimPermissions,_pad,_copyDatePermissionsAndOwner,_uInt64_toAscii,_configError,_crcError,_OUTLINED_FUNCTION_0,_OUTLINED_FUNCTION_1,_BZ2_blockSort,_fallbackSort,_mainGtU,_BZ2_hbMakeCodeLengths,_BZ2_hbAssignCodes,_BZ2_hbCreateDecodeTables,_BZ2_bsInitWrite,_BZ2_compressBlock,_bsPutUInt32,_BZ2_decompress,_BZ2_bzlibVersion,_BZ2_bzCompressInit,_default_bzalloc,_default_bzfree,_BZ2_bzCompress,_handle_compress,_BZ2_bzCompressEnd,_BZ2_bzDecompressInit,_BZ2_indexIntoF,_BZ2_bzDecompress,_BZ2_bzDecompressEnd,_BZ2_bzWriteOpen,_BZ2_bzWrite,_BZ2_bzWriteClose,_BZ2_bzWriteClose64,_BZ2_bzReadOpen,_BZ2_bzReadClose,_BZ2_bzRead,_BZ2_bzReadGetUnused,_BZ2_bzBuffToBuffCompress,_BZ2_bzBuffToBuffDecompress,_BZ2_bzopen,_bzopen_or_bzdopen,_BZ2_bzdopen,_BZ2_bzread,_BZ2_bzwrite,_BZ2_bzflush,_BZ2_bzclose,_BZ2_bzerror,_add_pair_to_block,_ioError,_compressedStreamEOF,_main.cold.2,_main.cold.3,_BZ2_bz__AssertH__fail
0,entry,1,0.01833976833976834,0.07165605095541401,0.021864951768488745,0.0032175032175032173,0.003861003861003861,0.6218763700131521,0.7169632265717675,0.5268680445151034,0.004826254826254826,0.04826254826254826,0.0045045045045045045,0.004826254826254826,0.004826254826254826,0.0022522522522522522,0.010296010296010296,0.013835263835263836,0.07113316790736146,0.005148005148005148,0.005791505791505791,0.0045045045045045045,0.0006435006435006435,0.08244629378749758,0.20845598073320845,0.05562200956937799,0.16476215785277704,0.012540192926045015,0.07118739448508722,0.001287001287001287,0.06098714259844262,0.03217821782178218,0.06717456111295131,0.0006435006435006435,0.06392266916120985,0.0006430868167202572,0.0016087516087516086,0.04462279293739968,0.11488321564367192,0.01703084832904884,0.021153846153846155,0.006426735218508998,0.1655506811359963,0.01703084832904884,0.02630734680782804,0.03889065986611412,0.0006435006435006435,0.0645565653400188,0.03361075544174136,0.028470889315419065,0.043533523991102635,0.015434083601286173,0.10819360961720974,0.11350665821179455,0.0009652509652509653,0.11377436880792585,0.0009652509652509653,0.005789642972016726,0.0028957528957528956,0.0006435006435006435,0.038141025641025644,0.0035358405657344907,0.028669367404175757,0.005791505791505791,0.006756756756756757,0.0016087516087516086,0.003861003861003861,0.0028957528957528956
1,_mySIGSEGVorSIGBUScatcher,0.01833976833976834,1,0.19391634980988592,0.5301204819277109,0.17543859649122806,0.21052631578947367,0.013283616872523888,0.01380479534996367,0.03364817001180637,0.2413793103448276,0.3708609271523179,0.24561403508771928,0.2631578947368421,0.2631578947368421,0.10344827586206896,0.36923076923076925,0.5384615384615384,0.07060333761232349,0.25862068965517243,0.3157894736842105,0.24561403508771928,0.03508771929824561,0.0015814443858724301,0.040482954545454544,0.066815144766147,0.0438871473354232,0.30666666666666664,0.04419889502762431,0.03389830508474576,0.0011486840514288018,0.05166051660516605,0.001238390092879257,0.03508771929824561,0.14968152866242038,0.03389830508474576,0.08771929824561403,0.18023255813953487,0.056112224448897796,0.17525773195876287,0.1440677966101695,0.265625,0.028851107676455434,0.17525773195876287,0.23333333333333334,0.11229946524064172,0.03508771929824561,0.0949367088607595,0.17880794701986755,0.08609271523178808,0.13658536585365855,0.12631578947368421,0.135678391959799,0.12990196078431374,0.05263157894736842,0.15119363395225463,0.05263157894736842,0.2459016393442623,0.13793103448275862,0.03508771929824561,0.2876712328767123,0.07575757575757576,0.059322033898305086,0.3157894736842105,0.3684210526315789,0.08771929824561403,0.21052631578947367,0.15789473684210525
2,_addFlagsFromEnvVar,0.07165605095541401,0.19391634980988592,1,0.22932330827067668,0.038910505836575876,0.04669260700389105,0.046479521398987575,0.059420289855072465,0.13562281722933645,0.058365758754863814,0.31715210355987056,0.050387596899224806,0.058365758754863814,0.058365758754863814,0.023255813953488372,0.1245136186770428,0.1450381679389313,0.26405867970660146,0.0622568093385214,0.07003891050583658,0.054474708171206226,0.007782101167315175,0.0070744902205576365,0.18085106382978725,0.17474048442906576,0.2006269592476489,0.15057915057915058,0.3042291950886767,0.01556420233463035,0.0051791544073193346,0.25,0.005661211853162318,0.007782101167315175,0.3886138613861386,0.01556420233463035,0.015503875968992248,0.3896551724137931,0.2198443579766537,0.1760299625468165,0.23616236162361623,0.08494208494208494,0.1289825282631038,0.1760299625468165,0.3132075471698113,0.3377049180327869,0.007782101167315175,0.3062200956937799,0.38461538461538464,0.23809523809523808,0.3081570996978852,0.18076923076923077,0.39316239316239315,0.33535353535353535,0.011673151750972763,0.45080091533180777,0.011673151750972763,0.06976744186046512,0.03501945525291829,0.007782101167315175,0.3519163763066202,0.050387596899224806,0.21621621621621623,0.07003891050583658,0.07751937984496124,0.019455252918287938,0.04669260700389105,0.03501945525291829
3,_snocString,0.021864951768488745,0.5301204819277109,0.22932330827067668,1,0.14285714285714285,0.17142857142857143,0.01583973911017936,0.016953257447323806,0.04009433962264151,0.19718309859154928,0.30177514792899407,0.2,0.21428571428571427,0.21428571428571427,0.08450704225352113,0.3076923076923077,0.3614457831325301,0.07623888182973317,0.2112676056338028,0.2571428571428571,0.2,0.02857142857142857,0.0019421246844047388,0.048970901348474094,0.06724511930585683,0.048324240062353856,0.3373493975903614,0.062154696132596686,0.05714285714285714,0.0013904842512544586,0.08759124087591241,0.0014372899345480275,0.02857142857142857,0.15789473684210525,0.04225352112676056,0.07142857142857142,0.24855491329479767,0.06274900398406374,0.27,0.23333333333333334,0.23684210526315788,0.032357473035439135,0.27,0.35294117647058826,0.20108695652173914,0.02857142857142857,0.15064102564102563,0.26490066225165565,0.18791946308724833,0.22388059701492538,0.2631578947368421,0.13414634146341464,0.12589073634204276,0.04285714285714286,0.17015706806282724,0.04285714285714286,0.2361111111111111,0.11267605633802817,0.02857142857142857,0.28846153846153844,0.13513513513513514,0.11914893617021277,0.2571428571428571,0.3,0.07142857142857142,0.17142857142857143,0.12857142857142856
4,_usage,0.0032175032175032173,0.17543859649122806,0.038910505836575876,0.14285714285714285,1,0.8333333333333334,0.0023304591004427873,0.002421893921046258,0.0059031877213695395,0.5625,0.06666666666666667,0.6,0.6666666666666666,0.6666666666666666,0.21428571428571427,0.3125,0.17777777777777778,0.01287001287001287,0.625,0.5555555555555556,0.6,0.2,0.00027744638348639123,0.007102272727272727,0.014084507042253521,0.00784313725490196,0.13333333333333333,0.008534850640113799,0.16666666666666666,0.00020152351779452663,0.01276595744680851,0.00022114597846038169,0.2,0.026143790849673203,0.16666666666666666,0.15384615384615385,0.05405405405405406,0.010030090270812437,0.09836065573770492,0.07317073170731707,0.21428571428571427,0.005154639175257732,0.09836065573770492,0.07446808510638298,0.05228758169934641,0.2,0.027491408934707903,0.06504065040650407,0.035398230088495575,0.0449438202247191,0.05263157894736842,0.02531645569620253,0.024752475247524754,0.3,0.026525198938992044,0.3,0.38095238095238093,0.35714285714285715,0.2,0.06818181818181818,0.14285714285714285,0.020100502512562814,0.5555555555555556,0.47619047619047616,0.36363636363636365,0.8333333333333334,0.9
5,_mySignalCatcher,0.003861003861003861,0.21052631578947367,0.04669260700389105,0.17142857142857143,0.8333333333333334,1,0.002796550920531345,0.00290627270525551,0.0070838252656434475,0.5,0.08,0.5294117647058824,0.8,0.8,0.1875,0.375,0.2222222222222222,0.015444015444015444,0.75,0.6666666666666666,0.7333333333333333,0.16666666666666666,0.00033293566018366953,0.008522727272727272,0.014018691588785047,0.009411764705882352,0.1276595744680851,0.00851063829787234,0.14285714285714285,0.00024182822135343195,0.012658227848101266,0.000265375174152458,0.16666666666666666,0.032679738562091505,0.14285714285714285,0.13333333333333333,0.05333333333333334,0.012036108324974924,0.09523809523809523,0.07142857142857142,0.2,0.006185567010309278,0.09523809523809523,0.07291666666666667,0.05161290322580645,0.16666666666666666,0.027303754266211604,0.064,0.034782608695652174,0.044444444444444446,0.05084745762711865,0.030379746835443037,0.0297029702970297,0.25,0.03183023872679045,0.25,0.34782608695652173,0.3125,0.16666666666666666,0.08333333333333333,0.13043478260869565,0.01990049751243781,0.6666666666666666,0.5714285714285714,0.3076923076923077,1,0.75
6,_compress,0.6218763700131521,0.013283616872523888,0.046479521398987575,0.01583973911017936,0.0023304591004427873,0.002796550920531345,1,0.8316293234718295,0.37712839392544867,0.003495688650664181,0.03447472629862567,0.0032626427406199023,0.003495688650664181,0.003495688650664181,0.0016313213703099511,0.007222739981360671,0.010020974131903984,0.053419247557680315,0.0037287345607084597,0.004194826380797017,0.0032626427406199023,0.00046609182008855747,0.1162340178225494,0.15201131999191428,0.03309951775537045,0.12694877505567928,0.008614668218859138,0.04898044986335926,0.0006989748369058714,0.08472496076616635,0.024019941083163382,0.09303249735075945,0.00046609182008855747,0.043132803632236094,0.0006989748369058714,0.0011652295502213937,0.030901486988847583,0.08249744114636642,0.012575687005123428,0.014395170652426282,0.004656577415599534,0.12048192771084337,0.012575687005123428,0.01812267657992565,0.025866050808314087,0.00046609182008855747,0.04304258710999772,0.02176933765632237,0.018763029881862403,0.02902557014512785,0.00906555090655509,0.0779848171152519,0.08030372756557755,0.0006991377301328362,0.07781112906949895,0.0006991377301328362,0.00395993477754484,0.0020974131903985084,0.00046609182008855747,0.025986078886310906,0.002328288707799767,0.0214123006833713,0.004194826380797017,0.004893964110929853,0.0011652295502213937,0.002796550920531345,0.0020974131903985084
7,_uncompress,0.7169632265717675,0.01380479534996367,0.059420289855072465,0.016953257447323806,0.002421893921046258,0.00290627270525551,0.8316293234718295,1,0.4099273607748184,0.0036328408815693874,0.03632840881569387,0.0033906514894647614,0.0036328408815693874,0.0036328408815693874,0.0016953257447323807,0.007750060547348026,0.01041414386049891,0.06884531590413943,0.003875030273674013,0.004359409057883265,0.0033906514894647614,0.0004843787842092516,0.11061347488319372,0.18463842533162172,0.046688132474701015,0.1537147736976943,0.00944081336238199,0.06908768821966342,0.0009687575684185032,0.08116099444846729,0.03442545109211776,0.08911939969101744,0.0004843787842092516,0.05397051830718022,0.0007263922518159806,0.001210946960523129,0.034107402031930335,0.1030772541424575,0.013068731848983543,0.018151016456921586,0.005082284607938045,0.1509577090840129,0.013068731848983543,0.02203923468152095,0.033816425120772944,0.0004843787842092516,0.05921841285063534,0.028059990324141266,0.02318840579710145,0.038600723763570564,0.012109469605231292,0.08933301228027932,0.09202601782702963,0.0007265681763138775,0.08945841392649903,0.0007265681763138775,0.004601598449987891,0.0021797045289416324,0.0004843787842092516,0.02973168963016679,0.002904865649963689,0.031503579952267304,0.004359409057883265,0.005085977234197142,0.001210946960523129,0.00290627270525551,0.0021797045289416324
8,_testf,0.5268680445151034,0.03364817001180637,0.13562281722933645,0.04009433962264151,0.0059031877213695395,0.0070838252656434475,0.37712839392544867,0.4099273607748184,1,0.00885478158205431,0.08790560471976401,0.008264462809917356,0.00885478158205431,0.00885478158205431,0.004132231404958678,0.018890200708382526,0.02538370720188902,0.12882594792142532,0.009445100354191263,0.010625737898465172,0.008264462809917356,0.0011806375442739079,0.0456359102244389,0.32564102564102565,0.09072164948453608,0.27206512425021423,0.022995283018867923,0.12084309133489461,0.0023612750885478157,0.033658978749118745,0.06956037840845854,0.036430717568045244,0.0011806375442739079,0.11807498601007274,0.0011792452830188679,0.0029515938606847697,0.08298999411418481,0.18546255506607928,0.03182086034177961,0.042352941176470586,0.011778563015312132,0.22028206850235058,0.03182086034177961,0.05185621685327048,0.08021077283372366,0.0011806375442739079,0.12224108658743633,0.06576629477392835,0.0563049853372434,0.0891089108910891,0.0295159386068477,0.20751445086705203,0.2176436448055717,0.0017709563164108619,0.21466275659824047,0.0017709563164108619,0.011216056670602124,0.005312868949232586,0.0011806375442739079,0.07226792009400705,0.007075471698113208,0.06070826306913996,0.010625737898465172,0.012396694214876033,0.0029515938606847697,0.0070838252656434475,0.005312868949232586
9,_showFileNames,0.004826254826254826,0.2413793103448276,0.058365758754863814,0.19718309859154928,0.5625,0.5,0.003495688650664181,0.0036328408815693874,0.00885478158205431,1,0.09271523178807947,0.6111111111111112,0.42857142857142855,0.42857142857142855,0.15789473684210525,0.38235294117647056,0.20833333333333334,0.019305019305019305,0.55,0.375,0.45,0.13333333333333333,0.00041616957522958687,0.01065340909090909,0.025821596244131457,0.011764705882352941,0.2727272727272727,0.017094017094017096,0.11764705882352941,0.00030228527669178993,0.03404255319148936,0.00033171896769057253,0.13333333333333333,0.042483660130718956,0.11764705882352941,0.25,0.07333333333333333,0.015045135406218655,0.14285714285714285,0.13414634146341464,0.39285714285714285,0.007731958762886598,0.14285714285714285,0.10416666666666667,0.07096774193548387,0.13333333333333333,0.044673539518900345,0.0967741935483871,0.05172413793103448,0.055248618784530384,0.08333333333333333,0.03535353535353535,0.0345679012345679,0.2,0.037037037037037035,0.2,0.4782608695652174,0.5,0.13333333333333333,0.09774436090225563,0.16,0.04522613065326633,0.375,0.3333333333333333,0.17647058823529413,0.5,0.5
10,_cleanUpAndFail,0.04826254826254826,0.3708609271523179,0.31715210355987056,0.30177514792899407,0.06666666666666667,0.08,0.03447472629862567,0.03632840881569387,0.08790560471976401,0.09271523178807947,1,0.08609271523178808,0.1,0.1,0.039735099337748346,0.17419354838709677,0.22151898734177214,0.14022140221402213,0.10666666666666667,0.12,0.09333333333333334,0.013333333333333334,0.004161695752295869,0.1049645390070922,0.07317073170731707,0.11328125,0.17901234567901234,0.1025974025974026,0.013157894736842105,0.0030228527669178993,0.09565217391304348,0.0033171896769057254,0.013333333333333334,0.28611898016997167,0.013157894736842105,0.026490066225165563,0.1746031746031746,0.147,0.13736263736263737,0.11219512195121951,0.10828025477707007,0.07455012853470437,0.13736263736263737,0.17560975609756097,0.11895910780669144,0.013333333333333334,0.10579345088161209,0.1581196581196581,0.08898305084745763,0.13588850174216027,0.1111111111111111,0.3523573200992556,0.33816425120772947,0.02,0.38320209973753283,0.02,0.10457516339869281,0.06,0.013333333333333334,0.27149321266968324,0.044585987261146494,0.06191950464396285,0.12,0.14,0.03333333333333333,0.08,0.06
11,_cadvise,0.0045045045045045045,0.24561403508771928,0.050387596899224806,0.2,0.6,0.5294117647058824,0.0032626427406199023,0.0033906514894647614,0.008264462809917356,0.6111111111111112,0.08609271523178808,1,0.45,0.45,0.23529411764705882,0.35294117647058826,0.1875,0.018018018018018018,0.5789473684210527,0.391304347826087,0.6470588235294118,0.14285714285714285,0.0003884249368809478,0.009943181818181818,0.023474178403755867,0.010980392156862745,0.2222222222222222,0.01566951566951567,0.125,0.00028213292491233725,0.01680672268907563,0.00028748341441839896,0.14285714285714285,0.04262295081967213,0.125,0.35714285714285715,0.08108108108108109,0.013026052104208416,0.16393442622950818,0.10843373493975904,0.35714285714285715,0.007216494845360825,0.16393442622950818,0.11702127659574468,0.07142857142857142,0.14285714285714285,0.041237113402061855,0.0975609756097561,0.06140350877192982,0.06741573033707865,0.10344827586206896,0.035443037974683546,0.03209876543209877,0.21428571428571427,0.03713527851458886,0.21428571428571427,0.5,0.4375,0.14285714285714285,0.07407407407407407,0.12,0.029850746268656716,0.391304347826087,0.34615384615384615,0.1875,0.5294117647058824,0.5333333333333333
12,_outOfMemory,0.004826254826254826,0.2631578947368421,0.058365758754863814,0.21428571428571427,0.6666666666666666,0.8,0.003495688650664181,0.0036328408815693874,0.00885478158205431,0.42857142857142855,0.1,0.45,1,1,0.15789473684210525,0.46875,0.28888888888888886,0.019305019305019305,0.631578947368421,0.8333333333333334,0.6111111111111112,0.13333333333333333,0.00041616957522958687,0.01065340909090909,0.013921113689095127,0.011764705882352941,0.12,0.00847457627118644,0.11764705882352941,0.00030228527669178993,0.0125,0.00033171896769057253,0.13333333333333333,0.03908794788273615,0.11764705882352941,0.1111111111111111,0.05921052631578947,0.015045135406218655,0.09090909090909091,0.06896551724137931,0.18181818181818182,0.007731958762886598,0.09090909090909091,0.08163265306122448,0.05732484076433121,0.13333333333333333,0.030508474576271188,0.07086614173228346,0.03389830508474576,0.04945054945054945,0.04838709677419355,0.03535353535353535,0.0345679012345679,0.2,0.03978779840848806,0.2,0.3076923076923077,0.2631578947368421,0.13333333333333333,0.10606060606060606,0.11538461538461539,0.0196078431372549,0.8333333333333334,0.7142857142857143,0.3333333333333333,0.8,0.6
13,_panic,0.004826254826254826,0.2631578947368421,0.058365758754863814,0.21428571428571427,0.6666666666666666,0.8,0.003495688650664181,0.0036328408815693874,0.00885478158205431,0.42857142857142855,0.1,0.45,1,1,0.15789473684210525,0.46875,0.28888888888888886,0.019305019305019305,0.631578947368421,0.8333333333333334,0.6111111111111112,0.13333333333333333,0.00041616957522958687,0.01065340909090909,0.013921113689095127,0.011764705882352941,0.12,0.00847457627118644,0.11764705882352941,0.00030228527669178993,0.0125,0.00033171896769057253,0.13333333333333333,0.03908794788273615,0.11764705882352941,0.1111111111111111,0.05921052631578947,0.015045135406218655,0.09090909090909091,0.06896551724137931,0.18181818181818182,0.007731958762886598,0.09090909090909091,0.08163265306122448,0.05732484076433121,0.13333333333333333,0.030508474576271188,0.07086614173228346,0.03389830508474576,0.04945054945054945,0.04838709677419355,0.03535353535353535,0.0345679012345679,0.2,0.03978779840848806,0.2,0.3076923076923077,0.2631578947368421,0.13333333333333333,0.10606060606060606,0.11538461538461539,0.0196078431372549,0.8333333333333334,0.7142857142857143,0.3333333333333333,0.8,0.6
14,_setInterimPermissions,0.0022522522522522522,0.10344827586206896,0.023255813953488372,0.08450704225352113,0.21428571428571427,0.1875,0.0016313213703099511,0.0016953257447323807,0.004132231404958678,0.15789473684210525,0.039735099337748346,0.23529411764705882,0.15789473684210525,0.15789473684210525,1,0.14705882352941177,0.16279069767441862,0.009009009009009009,0.21052631578947367,0.13636363636363635,0.10526315789473684,0.2857142857142857,0.0001942124684404739,0.004971590909090909,0.009411764705882352,0.005490196078431373,0.06666666666666667,0.005698005698005698,0.1,0.00014106646245616862,0.008583690987124463,0.00013268465280849183,0.125,0.016339869281045753,0.2222222222222222,0.5,0.04794520547945205,0.006012024048096192,0.0847457627118644,0.04938271604938271,0.06896551724137931,0.0036082474226804126,0.0847457627118644,0.06521739130434782,0.039473684210526314,0.2857142857142857,0.020689655172413793,0.04918032786885246,0.045871559633027525,0.03389830508474576,0.07547169811320754,0.017721518987341773,0.014814814814814815,0.25,0.01856763925729443,0.25,0.3,0.3333333333333333,0.125,0.045454545454545456,0.10526315789473684,0.02040816326530612,0.13636363636363635,0.12,0.3333333333333333,0.1875,0.23076923076923078
15,_pad,0.010296010296010296,0.36923076923076925,0.1245136186770428,0.3076923076923077,0.3125,0.375,0.007222739981360671,0.007750060547348026,0.018890200708382526,0.38235294117647056,0.17419354838709677,0.35294117647058826,0.46875,0.46875,0.14705882352941177,1,0.3392857142857143,0.038510911424903725,0.5,0.42857142857142855,0.3939393939393939,0.0625,0.000887828427156452,0.022727272727272728,0.04128440366972477,0.025098039215686273,0.32727272727272727,0.029577464788732393,0.09090909090909091,0.0006448752569424852,0.06557377049180328,0.0007076671310732214,0.0625,0.08038585209003216,0.058823529411764705,0.08823529411764706,0.12658227848101267,0.031062124248496994,0.15584415584415584,0.1702127659574468,0.4,0.016494845360824743,0.15584415584415584,0.14953271028037382,0.10909090909090909,0.0625,0.08080808080808081,0.15037593984962405,0.05303030303030303,0.09473684210526316,0.07894736842105263,0.0728643216080402,0.06862745098039216,0.09375,0.079155672823219,0.09375,0.34210526315789475,0.24242424242424243,0.0625,0.16428571428571428,0.12195121951219512,0.06132075471698113,0.42857142857142855,0.39473684210526316,0.15625,0.375,0.28125
16,_copyDatePermissionsAndOwner,0.013835263835263836,0.5384615384615384,0.1450381679389313,0.3614457831325301,0.17777777777777778,0.2222222222222222,0.010020974131903984,0.01041414386049891,0.02538370720188902,0.20833333333333334,0.22151898734177214,0.1875,0.28888888888888886,0.28888888888888886,0.16279069767441862,0.3392857142857143,1,0.05263157894736842,0.2553191489361702,0.35555555555555557,0.1875,0.046511627906976744,0.0011930194489914825,0.030539772727272728,0.028761061946902654,0.032915360501567396,0.13513513513513514,0.01783264746227709,0.021739130434782608,0.0008665511265164644,0.022641509433962263,0.0009287925696594427,0.046511627906976744,0.11935483870967742,0.044444444444444446,0.09090909090909091,0.11834319526627218,0.04,0.19047619047619047,0.17475728155339806,0.13559322033898305,0.021638330757341576,0.19047619047619047,0.1452991452991453,0.0898876404494382,0.046511627906976744,0.05732484076433121,0.11564625850340136,0.06382978723404255,0.08415841584158416,0.09411764705882353,0.10050251256281408,0.09558823529411764,0.045454545454545456,0.10817941952506596,0.045454545454545456,0.24,0.18181818181818182,0.046511627906976744,0.24285714285714285,0.03636363636363636,0.04424778761061947,0.35555555555555557,0.4222222222222222,0.09090909090909091,0.2222222222222222,0.15555555555555556
17,_uInt64_toAscii,0.07113316790736146,0.07060333761232349,0.26405867970660146,0.07623888182973317,0.01287001287001287,0.015444015444015444,0.053419247557680315,0.06884531590413943,0.12882594792142532,0.019305019305019305,0.14022140221402213,0.018018018018018018,0.019305019305019305,0.019305019305019305,0.009009009009009009,0.038510911424903725,0.05263157894736842,1,0.019280205655526992,0.021850899742930592,0.018018018018018018,0.002574002574002574,0.014213309828118114,0.276285046728972,0.23227132579650564,0.3394255874673629,0.05006418485237484,0.3541284403669725,0.005148005148005148,0.015515122206774265,0.2484472049689441,0.016890696851786346,0.002574002574002574,0.19579646017699115,0.0038560411311053984,0.006435006435006435,0.1381011097410604,0.26895565092989987,0.062420382165605096,0.09897172236503857,0.028241335044929396,0.25380710659898476,0.062420382165605096,0.11282051282051282,0.16729559748427672,0.002574002574002574,0.21828571428571428,0.14687100893997446,0.1189873417721519,0.18238213399503722,0.06435006435006435,0.26157158234660927,0.23535564853556484,0.003861003861003861,0.25571273122959737,0.003861003861003861,0.02445302445302445,0.011583011583011582,0.002574002574002574,0.14646464646464646,0.018018018018018018,0.2004950495049505,0.021850899742930592,0.024390243902439025,0.006435006435006435,0.015444015444015444,0.011583011583011582
18,_configError,0.005148005148005148,0.25862068965517243,0.0622568093385214,0.2112676056338028,0.625,0.75,0.0037287345607084597,0.003875030273674013,0.009445100354191263,0.55,0.10666666666666667,0.5789473684210527,0.631578947368421,0.631578947368421,0.21052631578947367,0.5,0.2553191489361702,0.019280205655526992,1,0.5454545454545454,0.6666666666666666,0.125,0.000443914213578226,0.011363636363636364,0.02336448598130841,0.012549019607843137,0.2127659574468085,0.014184397163120567,0.1111111111111111,0.0003224376284712426,0.025210084033613446,0.0003538335655366107,0.125,0.04234527687296417,0.1111111111111111,0.16666666666666666,0.08,0.0160481444332999,0.140625,0.10588235294117647,0.2903225806451613,0.008247422680412371,0.140625,0.10309278350515463,0.07741935483870968,0.125,0.040955631399317405,0.096,0.0423728813559322,0.06666666666666667,0.06451612903225806,0.04050632911392405,0.037037037037037035,0.1875,0.042440318302387266,0.1875,0.4,0.3888888888888889,0.125,0.09701492537313433,0.1111111111111111,0.034653465346534656,0.5454545454545454,0.48,0.23529411764705882,0.75,0.5625
19,_crcError,0.005791505791505791,0.3157894736842105,0.07003891050583658,0.2571428571428571,0.5555555555555556,0.6666666666666666,0.004194826380797017,0.004359409057883265,0.010625737898465172,0.375,0.12,0.391304347826087,0.8333333333333334,0.8333333333333334,0.13636363636363635,0.42857142857142855,0.35555555555555557,0.021850899742930592,0.5454545454545454,1,0.5238095238095238,0.1111111111111111,0.0004994034902755043,0.01278409090909091,0.013824884792626729,0.01411764705882353,0.11320754716981132,0.008438818565400843,0.1,0.00036274233203014794,0.012345679012345678,0.00039806276122868704,0.1111111111111111,0.045454545454545456,0.1,0.09523809523809523,0.05806451612903226,0.01805416248746239,0.08695652173913043,0.06666666666666667,0.16666666666666666,0.009278350515463918,0.08695652173913043,0.09,0.06289308176100629,0.1111111111111111,0.03367003367003367,0.07751937984496124,0.03305785123966942,0.05434782608695652,0.046153846153846156,0.04030226700251889,0.03940886699507389,0.16666666666666666,0.04774535809018567,0.16666666666666666,0.27586206896551724,0.22727272727272727,0.1111111111111111,0.12878787878787878,0.10344827586206896,0.01932367149758454,1,0.8571428571428571,0.2777777777777778,0.6666666666666666,0.5
20,_OUTLINED_FUNCTION_0,0.0045045045045045045,0.24561403508771928,0.054474708171206226,0.2,0.6,0.7333333333333333,0.0032626427406199023,0.0033906514894647614,0.008264462809917356,0.45,0.09333333333333334,0.6470588235294118,0.6111111111111112,0.6111111111111112,0.10526315789473684,0.3939393939393939,0.1875,0.018018018018018018,0.6666666666666666,0.5238095238095238,1,0.14285714285714285,0.0003884249368809478,0.009943181818181818,0.02107728337236534,0.010980392156862745,0.1956521739130435,0.01278409090909091,0.125,0.00028213292491233725,0.012552301255230125,0.0003096043698445344,0.14285714285714285,0.04262295081967213,0.125,0.11764705882352941,0.06666666666666667,0.014042126379137413,0.109375,0.08235294117647059,0.3103448275862069,0.007216494845360825,0.109375,0.09375,0.050955414012738856,0.14285714285714285,0.034129692832764506,0.08,0.03418803418803419,0.05555555555555555,0.04918032786885246,0.035443037974683546,0.034653465346534656,0.21428571428571427,0.03713527851458886,0.21428571428571427,0.32,0.2777777777777778,0.14285714285714285,0.07407407407407407,0.12,0.019704433497536946,0.5238095238095238,0.4583333333333333,0.1875,0.7333333333333333,0.5333333333333333
21,_OUTLINED_FUNCTION_1,0.0006435006435006435,0.03508771929824561,0.007782101167315175,0.02857142857142857,0.2,0.16666666666666666,0.00046609182008855747,0.0004843787842092516,0.0011806375442739079,0.13333333333333333,0.013333333333333334,0.14285714285714285,0.13333333333333333,0.13333333333333333,0.2857142857142857,0.0625,0.046511627906976744,0.002574002574002574,0.125,0.1111111111111111,0.14285714285714285,1,0.00005548927669727825,0.0014204545454545455,0.002364066193853428,0.001568627450980392,0.023809523809523808,0.0014285714285714286,0.2,0.00004030470355890533,0.004366812227074236,0.00004422919569207634,0.3333333333333333,0.003278688524590164,0.5,0.4,0.0136986301369863,0.0020060180541624875,0.017241379310344827,0.012658227848101266,0.04,0.0010309278350515464,0.017241379310344827,0.02197802197802198,0.013245033112582781,1,0.006920415224913495,0.01652892561983471,0.018691588785046728,0.011363636363636364,0.0196078431372549,0.005063291139240506,0.0049504950495049506,0.6666666666666666,0.005305039787798408,0.6666666666666666,0.10526315789473684,0.2222222222222222,0.3333333333333333,0.015267175572519083,0.06666666666666667,0.005154639175257732,0.1111111111111111,0.09523809523809523,0.4,0.16666666666666666,0.2222222222222222
22,_BZ2_blockSort,0.08244629378749758,0.0015814443858724301,0.0070744902205576365,0.0019421246844047388,0.00027744638348639123,0.00033293566018366953,0.1162340178225494,0.11061347488319372,0.0456359102244389,0.00041616957522958687,0.004161695752295869,0.0003884249368809478,0.00041616957522958687,0.00041616957522958687,0.0001942124684404739,0.000887828427156452,0.0011930194489914825,0.014213309828118114,0.000443914213578226,0.0004994034902755043,0.0003884249368809478,0.00005548927669727825,1,0.038632203671862,0.010278716684213443,0.030684674234264093,0.0011375301722942042,0.019167290782502566,0.0001109785533945565,0.5837200273612986,0.006214109357228064,0.6331772413931708,0.00005548927669727825,0.00823855755894591,0.0001109785533945565,0.00013872319174319561,0.0038000665705092643,0.027062999112688554,0.0014980857792820286,0.0021640817911938517,0.0006658713203673391,0.04283007989457211,0.0014980857792820286,0.002441324973644787,0.004189440390644508,0.00005548927669727825,0.007654759263368094,0.0033571012401853342,0.00285738064193969,0.004799422959551684,0.0013594495616468761,0.010454507639832506,0.0109003161923781,0.00008323391504591738,0.01045972865743695,0.00008323391504591738,0.0005271481286241434,0.00024970174513775213,0.00005548927669727825,0.0035510181434833268,0.0003606702918654977,0.00529893189069219,0.0004994034902755043,0.0005826374053214216,0.00013872319174319561,0.00033293566018366953,0.00024970174513775213
23,_fallbackSort,0.20845598073320845,0.040482954545454544,0.18085106382978725,0.048970901348474094,0.007102272727272727,0.008522727272727272,0.15201131999191428,0.18463842533162172,0.32564102564102565,0.01065340909090909,0.1049645390070922,0.009943181818181818,0.01065340909090909,0.01065340909090909,0.004971590909090909,0.022727272727272728,0.030539772727272728,0.276285046728972,0.011363636363636364,0.01278409090909091,0.009943181818181818,0.0014204545454545455,0.038632203671862,1,0.23732251521298176,0.6162650602409638,0.02911931818181818,0.42364864864864865,0.002840909090909091,0.027939487943919587,0.15618374558303888,0.030681491633325227,0.0014204545454545455,0.18888888888888888,0.002840909090909091,0.0035511363636363635,0.09668313338038109,0.4928615766604593,0.037535410764872525,0.054648687012065295,0.017045454545454544,0.532967032967033,0.037535410764872525,0.06236711552090716,0.10567375886524823,0.0014204545454545455,0.19507042253521126,0.0859375,0.07218683651804671,0.12260807937632884,0.0347764371894961,0.263489838822705,0.2742616033755274,0.002130681818181818,0.26416430594900847,0.002130681818181818,0.013494318181818182,0.006392045454545455,0.0014204545454545455,0.08994334277620397,0.009226401703335699,0.13626685592618878,0.01278409090909091,0.014914772727272728,0.0035511363636363635,0.008522727272727272,0.006392045454545455
24,_mainGtU,0.05562200956937799,0.066815144766147,0.17474048442906576,0.06724511930585683,0.014084507042253521,0.014018691588785047,0.03309951775537045,0.046688132474701015,0.09072164948453608,0.025821596244131457,0.07317073170731707,0.023474178403755867,0.013921113689095127,0.013921113689095127,0.009411764705882352,0.04128440366972477,0.028761061946902654,0.23227132579650564,0.02336448598130841,0.013824884792626729,0.02107728337236534,0.002364066193853428,0.010278716684213443,0.23732251521298176,1,0.2368804664723032,0.07424593967517401,0.3409090909090909,0.009478672985781991,0.007590553083536352,0.30784708249496984,0.008418029164825452,0.004739336492890996,0.12210200927357033,0.0047169811320754715,0.007075471698113208,0.21367521367521367,0.2888283378746594,0.07399103139013453,0.07526881720430108,0.046948356807511735,0.1881287726358149,0.07399103139013453,0.11038961038961038,0.21398305084745764,0.002364066193853428,0.349146110056926,0.1504237288135593,0.19683257918552036,0.25894736842105265,0.08009153318077804,0.2588597842835131,0.1919191919191919,0.004728132387706856,0.1698389458272328,0.004728132387706856,0.03278688524590164,0.011737089201877934,0.004739336492890996,0.1841541755888651,0.02107728337236534,0.3057324840764331,0.013824884792626729,0.013729977116704805,0.004705882352941176,0.014018691588785047,0.011737089201877934
25,_BZ2_hbMakeCodeLengths,0.16476215785277704,0.0438871473354232,0.2006269592476489,0.048324240062353856,0.00784313725490196,0.009411764705882352,0.12694877505567928,0.1537147736976943,0.27206512425021423,0.011764705882352941,0.11328125,0.010980392156862745,0.011764705882352941,0.011764705882352941,0.005490196078431373,0.025098039215686273,0.032915360501567396,0.3394255874673629,0.012549019607843137,0.01411764705882353,0.010980392156862745,0.001568627450980392,0.030684674234264093,0.6162650602409638,0.2368804664723032,1,0.03215686274509804,0.4335511982570806,0.003137254901960784,0.023610803853347545,0.17882352941176471,0.026470912904294073,0.001568627450980392,0.21181887950882577,0.003137254901960784,0.00392156862745098,0.10583657587548638,0.4753246753246753,0.04225352112676056,0.0611764705882353,0.018823529411764704,0.5023364485981309,0.04225352112676056,0.06802189210320563,0.1131928181108509,0.001568627450980392,0.2049306625577812,0.09490196078431372,0.0796875,0.1256788207913111,0.037588097102584185,0.2836279784780938,0.2875766871165644,0.002352941176470588,0.26784343821949347,0.002352941176470588,0.014901960784313726,0.007058823529411765,0.001568627450980392,0.09929632525410477,0.010980392156862745,0.15137254901960784,0.01411764705882353,0.01567398119122257,0.00392156862745098,0.009411764705882352,0.007058823529411765
26,_BZ2_hbAssignCodes,0.012540192926045015,0.30666666666666664,0.15057915057915058,0.3373493975903614,0.13333333333333333,0.1276595744680851,0.008614668218859138,0.00944081336238199,0.022995283018867923,0.2727272727272727,0.17901234567901234,0.2222222222222222,0.12,0.12,0.06666666666666667,0.32727272727272727,0.13513513513513514,0.05006418485237484,0.2127659574468085,0.11320754716981132,0.1956521739130435,0.023809523809523808,0.0011375301722942042,0.02911931818181818,0.07424593967517401,0.03215686274509804,1,0.058655221745350504,0.0975609756097561,0.0008262464229575592,0.10699588477366255,0.000906698511687565,0.04878048780487805,0.10932475884244373,0.022727272727272728,0.06976744186046512,0.1987179487179487,0.04008016032064128,0.2894736842105263,0.27956989247311825,0.4772727272727273,0.021134020618556702,0.2894736842105263,0.2815533980582524,0.17791411042944785,0.023809523809523808,0.12244897959183673,0.2558139534883721,0.14728682170542637,0.14814814814814814,0.21333333333333335,0.09,0.0827250608272506,0.047619047619047616,0.09711286089238845,0.047619047619047616,0.30434782608695654,0.13636363636363635,0.04878048780487805,0.20279720279720279,0.1956521739130435,0.125,0.11320754716981132,0.10714285714285714,0.045454545454545456,0.1276595744680851,0.1111111111111111
27,_BZ2_hbCreateDecodeTables,0.07118739448508722,0.04419889502762431,0.3042291950886767,0.062154696132596686,0.008534850640113799,0.00851063829787234,0.04898044986335926,0.06908768821966342,0.12084309133489461,0.017094017094017096,0.1025974025974026,0.01566951566951567,0.00847457627118644,0.00847457627118644,0.005698005698005698,0.029577464788732393,0.01783264746227709,0.3541284403669725,0.014184397163120567,0.008438818565400843,0.01278409090909091,0.0014285714285714286,0.019167290782502566,0.42364864864864865,0.3409090909090909,0.4335511982570806,0.058655221745350504,1,0.005722460658082976,0.01404562308560374,0.28929068150208626,0.015390739020830569,0.002861230329041488,0.25218476903870163,0.004285714285714286,0.005714285714285714,0.1623108665749656,0.5197132616487455,0.058823529411764705,0.08823529411764706,0.032857142857142856,0.3308119011598588,0.058823529411764705,0.11898016997167139,0.18384401114206128,0.0014285714285714286,0.29658792650918636,0.15983026874115983,0.141643059490085,0.20027434842249658,0.0715307582260372,0.2460136674259681,0.20414847161572053,0.002857142857142857,0.23394495412844038,0.002857142857142857,0.022792022792022793,0.008547008547008548,0.002861230329041488,0.13854595336076816,0.017118402282453638,0.2563380281690141,0.008438818565400843,0.008403361344537815,0.002849002849002849,0.00851063829787234,0.007112375533428165
28,_BZ2_bsInitWrite,0.001287001287001287,0.03389830508474576,0.01556420233463035,0.05714285714285714,0.16666666666666666,0.14285714285714285,0.0006989748369058714,0.0009687575684185032,0.0023612750885478157,0.11764705882352941,0.013157894736842105,0.125,0.11764705882352941,0.11764705882352941,0.1,0.09090909090909091,0.021739130434782608,0.005148005148005148,0.1111111111111111,0.1,0.125,0.2,0.0001109785533945565,0.002840909090909091,0.009478672985781991,0.003137254901960784,0.0975609756097561,0.005722460658082976,1,0.00008060940711781066,0.017543859649122806,0.00008845839138415268,0.2,0.013157894736842105,0.14285714285714285,0.125,0.0273972602739726,0.004012036108324975,0.05172413793103448,0.05128205128205128,0.12,0.002061855670103093,0.05172413793103448,0.04395604395604396,0.026490066225165563,0.2,0.01384083044982699,0.03305785123966942,0.037383177570093455,0.022727272727272728,0.08,0.010126582278481013,0.009900990099009901,0.4,0.010610079575596816,0.4,0.15,0.08333333333333333,0.2,0.030534351145038167,0.2857142857142857,0.02072538860103627,0.1,0.08695652173913043,0.125,0.14285714285714285,0.18181818181818182
29,_BZ2_compressBlock,0.06098714259844262,0.0011486840514288018,0.0051791544073193346,0.0013904842512544586,0.00020152351779452663,0.00024182822135343195,0.08472496076616635,0.08116099444846729,0.033658978749118745,0.00030228527669178993,0.0030228527669178993,0.00028213292491233725,0.00030228527669178993,0.00030228527669178993,0.00014106646245616862,0.0006448752569424852,0.0008665511265164644,0.015515122206774265,0.0003224376284712426,0.00036274233203014794,0.00028213292491233725,0.00004030470355890533,0.5837200273612986,0.027939487943919587,0.007590553083536352,0.023610803853347545,0.0008262464229575592,0.01404562308560374,0.00008060940711781066,1,0.004594736205715207,0.8397152389819987,0.00004030470355890533,0.005700703019559656,0.00008060940711781066,0.00010076175889726332,0.002740167633784655,0.019763084733470326,0.0010679885543868133,0.0015516998166172943,0.0004836564427068639,0.0375900511128104,0.0010679885543868133,0.0017531132873896747,0.003043005118697352,0.00004030470355890533,0.005722691276925867,0.002438434565313772,0.0020351414524059,0.0034659251198968285,0.0009672738997259391,0.007554087264816083,0.007897811983720837,0.00006045705533835799,0.007597436620853654,0.00006045705533835799,0.0003828946838096006,0.00018137116601507397,0.00004030470355890533,0.0025591423850401,0.00028213292491233725,0.003889403893434364,0.00036274233203014794,0.0004231993873685059,0.00010076175889726332,0.00024182822135343195,0.00018137116601507397
