result,639010125,0.9999963535963401
left,birthmark,bzip2-1.0.7,/Users/tamada/researches/2026snpd_tamada_experiments/experiments/experiment0/executables/bzip2-1.0.7,op-seq,2026-04-17T04:57:47.625381+00:00,4884083
right,birthmark,bzip2-1.0.6,/Users/tamada/researches/2026snpd_tamada_experiments/experiments/experiment0/executables/bzip2-1.0.6,op-seq,2026-04-17T04:57:47.828330+00:00,3908292
matrix,,entry,_mySIGSEGVorSIGBUScatcher,_addFlagsFromEnvVar,_snocString,_usage,_mySignalCatcher,_compress,_uncompress,_testf,_showFileNames,_cleanUpAndFail,_cadvise,_outOfMemory,_panic,_uInt64_toAscii,_configError,_crcError,_compressedStreamEOF,_OUTLINED_FUNCTION_0,_OUTLINED_FUNCTION_1,_BZ2_blockSort,_fallbackSort,_mainGtU,_BZ2_hbMakeCodeLengths,_BZ2_hbAssignCodes,_BZ2_hbCreateDecodeTables,_BZ2_bsInitWrite,_BZ2_compressBlock,_bsPutUInt32,_BZ2_decompress,_BZ2_bzlibVersion,_BZ2_bzCompressInit,_default_bzalloc,_default_bzfree,_BZ2_bzCompress,_handle_compress,_BZ2_bzCompressEnd,_BZ2_bzDecompressInit,_BZ2_indexIntoF,_BZ2_bzDecompress,_BZ2_bzDecompressEnd,_BZ2_bzWriteOpen,_BZ2_bzWrite,_BZ2_bzWriteClose,_BZ2_bzWriteClose64,_BZ2_bzReadOpen,_BZ2_bzReadClose,_BZ2_bzRead,_BZ2_bzReadGetUnused,_BZ2_bzBuffToBuffCompress,_BZ2_bzBuffToBuffDecompress,_BZ2_bzopen,_bzopen_or_bzdopen,_BZ2_bzdopen,_BZ2_bzread,_BZ2_bzwrite,_BZ2_bzflush,_BZ2_bzclose,_BZ2_bzerror,_add_pair_to_block,_ioError,_main.cold.2,_main.cold.3,_BZ2_bz__AssertH__fail
0,entry,0.9997666301657664,0.8661777924678362,0.5637951342829033,0.6601033666120787,0.5134565966254347,0.6987265532193465,0.9654446274376355,0.9797688062229873,0.9933763863470034,0.7250299125753186,0.9923680243374394,0.4343112996214308,0.7475238798154236,0.7475238798154236,0.5043885108147473,0.7261890861621791,0.76470250785174,0.8460736384979289,0.5936307777576821,0.027338889805576926,0.9784975791007949,0.6911539253420179,0.08332697718920218,0.6596630204358298,0.44725020378725544,0.1679471828690807,0.014008343747561752,0.9647235685823831,0.12263209610906713,0.025388622317456415,0.1263928383765078,0.5736208761119418,0.019331514371635217,0.039604028841849014,0.13838740357940593,0.419146887085647,0.1061961946316191,0.1223404615649729,0.3859981523227141,0.3843978082171633,0.1061961946316191,0.15668407223322703,0.07712646104498265,0.027338889805576926,0.0985067936067706,0.13738028047373663,0.044958713458630915,0.08971230758683174,0.04557949262576268,0.8393623705948324,0.946061176611137,0.03138035761019568,0.9214326304503215,0.03138035761019568,0.36341643067722906,0.5470503288343861,0.1263928383765078,0.5190887015261463,0.029626962105603154,0.04219797375808725,0.76470250785174,0.04054727576289458,0.6987265532193465,0.5869916832360527
1,_mySIGSEGVorSIGBUScatcher,0.8755056942576925,1.0000000000000002,0.6168246623524826,0.8892272274656976,0.8384954803521664,0.9334557717919229,0.8334410559599584,0.8423054678349552,0.8874612396181535,0.8242304188204481,0.8907075066263307,0.7945254619690877,0.9274773448271414,0.9274773448271414,0.5543645659779897,0.9505848293622025,0.9095583841963573,0.9682287151848157,0.8948158811736556,0.18939682326212925,0.7536433805063651,0.642958782329641,0.1707241357397965,0.6859590013091411,0.5090767837187208,0.22900413595446292,0.0765278731793381,0.8089180208908247,0.11641423240402103,0.08212614616653344,0.4329070245991526,0.5585424530710149,0.13392377806384168,0.20247372079721848,0.34890635680986704,0.4291684630086443,0.23815465829015015,0.18010579199658489,0.5746741079270504,0.4807626169335123,0.23815465829015015,0.3833312606217995,0.20339694883788187,0.18939682326212925,0.22484169282850555,0.2618651388782761,0.14157729366190822,0.2588036672173736,0.1464486253045317,0.7706281525516857,0.8111437952509232,0.19882524681270178,0.8936942348314906,0.19882524681270178,0.6079718616547141,0.7614427240193006,0.4329070245991526,0.5306253283659786,0.09789478429803712,0.091172095824767,0.9095583841963573,0.21920320842979865,0.9334557717919229,0.85189815880613
2,_addFlagsFromEnvVar,0.5696104789103023,0.6168246623524826,0.9999999999999999,0.6313680768004906,0.5371675961612659,0.49892720513392214,0.40445281355244334,0.4463664865756956,0.539044185098637,0.801993066573518,0.5448359109742587,0.5983953861725426,0.43642538967990974,0.43642538967990974,0.8354251876425002,0.6299549002537993,0.392791153317254,0.5788260509080763,0.5595905660700708,0.04641183303571368,0.5211123227783219,0.8530862030300996,0.39641703281119384,0.8742163355151312,0.8672935628280602,0.6704986387589282,0.23629047744132703,0.4331717076710646,0.41828564572194615,0.33628348577858175,0.34344756446428126,0.6472723083894755,0.05907261936033176,0.17365717791179694,0.6870704391123507,0.6892372588423791,0.5363771925982761,0.5711841163775865,0.7451263257050622,0.7462573340794297,0.5363771925982761,0.6850952660311592,0.48998524834473056,0.04641183303571368,0.5645919961513952,0.6719507596046045,0.42334784656327173,0.503132253864177,0.40930713263290613,0.7650190672788192,0.6213907880392947,0.15915943255064458,0.6068103049609115,0.15915943255064458,0.6745486479761834,0.6609884081794885,0.34344756446428126,0.6158627198121429,0.4394019973435845,0.3541115865633056,0.392791153317254,0.12269844702733018,0.49892720513392214,0.6464594162065425
3,_snocString,0.6692293612268747,0.8892272274656976,0.6313680768004906,1,0.866077698425577,0.8953697823254084,0.6334623433056171,0.641522246225383,0.6952707667992425,0.7745644098378819,0.7113270918973673,0.800933856165856,0.8907382871307888,0.8907382871307888,0.5867122110014958,0.9063269671749657,0.8741838393628372,0.9143107147878141,0.8019652685281737,0.4213504858001922,0.5332940826494388,0.6159901364072943,0.2796368015598159,0.6573066679317644,0.5180090089306685,0.3607088163051689,0.23409554595865587,0.6161106094625972,0.23723941144438726,0.2285926974331095,0.4213504858001922,0.5875360529928948,0.34050261230349943,0.4504426164614508,0.5147213574392512,0.5252593195737405,0.3296220093108895,0.32496156069003435,0.5452322350826353,0.5635079569348063,0.3296220093108895,0.6035835044121728,0.42524764086899697,0.4213504858001922,0.4356057248350534,0.49377723327389256,0.2994126335419951,0.483226859017422,0.36707224974630875,0.6705791829380239,0.6660113098723955,0.4177522091055419,0.7871502498360946,0.4177522091055419,0.6978597864711069,0.8084900286844691,0.4213504858001922,0.5729870305655342,0.21778620259218834,0.24276575136453202,0.8741838393628372,0.48766065222237814,0.8953697823254084,0.8848520429971439
4,_usage,0.5272158169919265,0.8384954803521664,0.5371675961612659,0.866077698425577,0.9999999999999998,0.9486832980505138,0.47032390778623806,0.4778038206607896,0.5463195073428839,0.7474093186836597,0.5609378771355948,0.9068453126375146,0.8885233166386385,0.8885233166386385,0.47178578514405883,0.9315885051121782,0.8392543274162825,0.8186238009832306,0.926302172234155,0.4743416490252569,0.3695858806097756,0.48838976108758664,0.25942585774759064,0.5708692870528593,0.4394802124588286,0.32179399700835537,0.22360679774997896,0.4452708647845341,0.18435651521805277,0.22116533821647846,0.6324555320336759,0.3945507151635723,0.33541019662496846,0.33806170189140655,0.48201867954981187,0.4037053326491151,0.33996414629706817,0.2237603211444811,0.5926377579897537,0.5063688388408115,0.33996414629706817,0.46921249615938304,0.28630778725048844,0.4743416490252569,0.3256161393853272,0.3128840681937159,0.285997326083418,0.3744982812451903,0.21680684567912825,0.5447011548388228,0.48822379257897447,0.5163977794943222,0.6154873291176155,0.5163977794943222,0.7181324987175316,0.7416198487095663,0.6324555320336759,0.4865978049268947,0.28603877677367767,0.20980390899998025,0.8392543274162825,0.5393598899705937,0.9486832980505138,0.9561016864238912
5,_mySignalCatcher,0.7095873113698093,0.9334557717919229,0.49892720513392214,0.8953697823254084,0.9486832980505138,0.9999999999999998,0.7048498850936403,0.7027040606430582,0.7429897615854191,0.722185380728474,0.749295039334484,0.8316320352807863,0.9834151021607785,0.9834151021607785,0.4503381050844577,0.9547032697824666,0.9583727150068314,0.9326990598429291,0.9212884029599914,0.37499999999999994,0.5615961752662828,0.5139142464072872,0.20509414860630643,0.5934022225795657,0.3474396144861517,0.25440049197895315,0.17677669529663687,0.6781075658406609,0.14574662239513503,0.17484655206138844,0.4999999999999999,0.5198662134855092,0.2651650429449553,0.26726124191242434,0.3810692255310577,0.4411711261247332,0.26876525627335834,0.1768980661968237,0.46852128566581813,0.47338187033944756,0.26876525627335834,0.3709450486191646,0.22634617988861522,0.37499999999999994,0.2574221608421234,0.24735657476789685,0.22610073878537096,0.29606688713828,0.17140086116567016,0.6206052821861883,0.6575866930742397,0.40824829046386296,0.7977353422916097,0.40824829046386296,0.6274950199005567,0.6929023281557339,0.4999999999999999,0.5280049792181877,0.2261335084333227,0.1658645536116593,0.9583727150068314,0.42640143271122083,0.9999999999999998,0.912250561499702
6,_compress,0.9641576962603454,0.8334410559599584,0.40445281355244334,0.6334623433056171,0.47032390778623806,0.7048498850936403,1.0000000000000002,0.9979373961410415,0.9835169427440247,0.5749223620593498,0.9766841344954081,0.35932402573129274,0.7804973521048938,0.7804973521048938,0.378261330684259,0.677677796501887,0.8129996295184362,0.8463381680110671,0.5513564787059224,0.01623684264885932,0.9330926202701207,0.5627661347645543,0.03356321459176805,0.5535893082198557,0.2399046557429856,0.08576866728905072,0.004834181701923103,0.992878862541253,0.07015261743035313,0.008706928490700261,0.03879750822411648,0.5962012394711558,0.01244801788245199,0.01863691918186179,0.052802287927446685,0.3937815468698763,0.04528119591935473,0.060361259261932934,0.19402635147612748,0.3005265044870629,0.04528119591935473,0.06266349625161263,0.03046093385188382,0.01623684264885932,0.04238592459640136,0.06198537953574712,0.015965414806848502,0.03439769306237756,0.01675047520242023,0.7330568759987826,0.9086919673455633,0.01758340147357626,0.9335797808875155,0.01758340147357626,0.2618071212833882,0.4331870177143528,0.03879750822411648,0.4841435570301934,0.011027965719722128,0.01827141639560195,0.8129996295184362,0.022082043466932856,0.7048498850936403,0.5147917814233359
7,_uncompress,0.9785037482054211,0.8423054678349552,0.4463664865756956,0.641522246225383,0.4778038206607896,0.7027040606430582,0.9979373961410415,1.0000000000000002,0.9918303621572307,0.6133863757825472,0.9866179457330421,0.37282445051229535,0.7734310900746748,0.7734310900746748,0.41187647109207653,0.688886234004565,0.8031411096572623,0.8493101532932121,0.5571434887142248,0.01956442978546446,0.9518451019942803,0.6004005755205837,0.04659648708075791,0.5833714008220412,0.2915087679872111,0.10981587471345473,0.010788091583162835,0.9932509007777539,0.0880099040930161,0.016896736075353778,0.05312909372933467,0.5970991552724788,0.014849490767412373,0.025808273627093134,0.07440080912984323,0.40641075929779197,0.06108481756811012,0.07918580427312119,0.23776451356912057,0.32475096794788727,0.06108481756811012,0.08681302522325053,0.04599459442155964,0.01956442978546446,0.060165092701281855,0.08470830102007523,0.027149935110137365,0.051203493077402636,0.028692197590645015,0.7656387658707348,0.9259195430157905,0.024034711601208222,0.936561765700707,0.024034711601208222,0.2871293611801798,0.460816455622986,0.05312909372933467,0.49979350307396514,0.019969662282194153,0.027702753695035432,0.8031411096572623,0.027246413918249963,0.7027040606430582,0.5311539080806184
8,_testf,0.9937290038901935,0.8874612396181535,0.539044185098637,0.6952707667992425,0.5463195073428839,0.7429897615854191,0.9835169427440247,0.9918303621572307,1.0000000000000002,0.7001093483507482,0.9975022713748767,0.45725365782984617,0.7960198502108943,0.7960198502108943,0.48851611482457064,0.751466614627983,0.8149422393605468,0.8813285085275744,0.623445095239198,0.038343191201584435,0.9572140281482481,0.6697707830160398,0.09333995534476953,0.654255888143298,0.397299414311892,0.17203491124492404,0.033251461947419375,0.9798247161453878,0.12685037796957127,0.048735555810171395,0.1251579637334737,0.6117902425147344,0.02711273051097272,0.051818300095185434,0.1552669096393395,0.4446808411087181,0.12162219178915007,0.13503105706617263,0.3481065183345403,0.39474173114530314,0.12162219178915007,0.16905111387787955,0.09886626964865836,0.038343191201584435,0.11871743864622793,0.15094413754803904,0.07047704139064692,0.11245053514246264,0.07011933423615502,0.8217193211297128,0.9453658754435894,0.05375367341761529,0.9500895553765139,0.05375367341761529,0.37631562609717756,0.5441637678050162,0.1251579637334737,0.5391496259587324,0.056277623409900675,0.06074312649767892,0.8149422393605468,0.05490994935900957,0.7429897615854191,0.6082316159131002
9,_showFileNames,0.7326576543017764,0.8242304188204481,0.801993066573518,0.7745644098378819,0.7474093186836597,0.722185380728474,0.5749223620593498,0.6133863757825472,0.7001093483507482,1.0000000000000002,0.7212388439142691,0.7832178030674114,0.6640906067234306,0.6640906067234306,0.7023319861882789,0.8309489698388166,0.6195224741298931,0.7798050730945446,0.7444375004781978,0.2626128657194451,0.668385783212206,0.800843829666476,0.34593741148090323,0.7579181044346603,0.8281976394854439,0.4046707015621221,0.18569533817705186,0.5818740838831751,0.28247982541246375,0.18734117271986195,0.5252257314388902,0.4103980838340402,0.18569533817705186,0.3509312031717982,0.5323919848043474,0.468175885340259,0.40584198139566435,0.29594006644141735,0.7997581636151854,0.6318938933241387,0.40584198139566435,0.5342109735869037,0.37105855462760134,0.2626128657194451,0.41323139675441983,0.4204620135953876,0.30112602640810054,0.418659089024719,0.3032392174315614,0.8607948470873,0.7390304979120517,0.3216337604513385,0.6780354364041827,0.3216337604513385,0.7533177846892134,0.8398387664337815,0.5252257314388902,0.6061462230889579,0.2771326538627136,0.20862068856928048,0.6195224741298931,0.2799462554779272,0.722185380728474,0.8213785172900903
10,_cleanUpAndFail,0.9925048098648238,0.8907075066263307,0.5448359109742587,0.7113270918973673,0.5609378771355948,0.749295039334484,0.9766841344954081,0.9866179457330421,0.9975022713748767,0.7212388439142691,1,0.4658842749636848,0.8020332600334001,0.8020332600334001,0.4889971817106178,0.7634896430577909,0.8206901956435887,0.8918483173825887,0.6207432971757193,0.06728363618513734,0.9572900841097395,0.67951137908248,0.10104803698021798,0.6546353493631871,0.4132661367885556,0.17258273240913874,0.03027609162416312,0.9735684532677389,0.13470250860696784,0.05236188232610888,0.12233388397297698,0.596503689744305,0.04757671540939919,0.08173776439647064,0.17397717587011513,0.4453887158669967,0.14302407489456914,0.13561459903237508,0.3582251787469513,0.4015088245442589,0.14302407489456914,0.178881675850295,0.11948571396032091,0.06728363618513734,0.1421107248337082,0.16109371824647067,0.08811616120692274,0.13387104131868324,0.08475540101137287,0.8363711278455792,0.9505516976787213,0.08490241829621314,0.946097189783016,0.08490241829621314,0.3977101258021501,0.5659722758379814,0.12233388397297698,0.5601127173993281,0.06270459153499112,0.06631905784340493,0.8206901956435887,0.09650218528113046,0.749295039334484,0.6300569399580013
11,_cadvise,0.45117695866850066,0.7945254619690877,0.5983953861725426,0.800933856165856,0.9068453126375146,0.8316320352807863,0.35932402573129274,0.37282445051229535,0.45725365782984617,0.7832178030674114,0.4658842749636848,1.0000000000000002,0.7305495724090181,0.7305495724090181,0.5324190390734748,0.876095805063078,0.659597339204445,0.7336314490088525,0.9321432172384291,0.3441236008058426,0.2812958215675639,0.487183362140677,0.26671662867516144,0.5717971062597034,0.5886137659055672,0.3201653516674752,0.24333213169614382,0.33123101008862227,0.15070002630280815,0.1668682082325474,0.8029550685469661,0.34406286489389826,0.24333213169614382,0.4291975376394761,0.5839874838850375,0.3410869718917509,0.40849073260796154,0.2585300127560865,0.7524030820950195,0.5215653562142495,0.40849073260796154,0.5984495955131123,0.3398882725174572,0.3441236008058426,0.36432157672583076,0.38381938777541497,0.2778807156274397,0.4258212137145774,0.2980197803396349,0.5450990450970473,0.4207234128263293,0.37463432463267765,0.5275230611998303,0.37463432463267765,0.7951923208052687,0.8314971796756815,0.8029550685469661,0.4222338078556415,0.24210006235312614,0.17223508910179727,0.659597339204445,0.2934695928267111,0.8316320352807863,0.8610567718228919
12,_outOfMemory,0.7556603982486169,0.9274773448271414,0.43642538967990974,0.8907382871307888,0.8885233166386385,0.9834151021607785,0.7804973521048938,0.7734310900746748,0.7960198502108943,0.6640906067234306,0.8020332600334001,0.7305495724090181,1,1,0.3974567543079474,0.9197090092274486,0.9942627179989935,0.9484286521465705,0.8495907904857464,0.37463432463267754,0.6227432636378847,0.4841708859743919,0.15367061569847523,0.5528268918737769,0.26032561064731463,0.19061431299751203,0.13245323570650439,0.7526097476786041,0.10920337489699058,0.13362718068957594,0.37463432463267754,0.5453272378077753,0.26490647141300877,0.2503130871608794,0.2940889206069581,0.424516467154486,0.2013773805373962,0.1325441751169475,0.3510483108628952,0.4103457620849683,0.2013773805373962,0.29586894685510484,0.1798725265606986,0.37463432463267754,0.20374474092797193,0.19881554678421032,0.1724353772038212,0.23889776251201258,0.12842529172852035,0.6092450047546912,0.697749523423419,0.38235955645093633,0.8416002875146492,0.38235955645093633,0.537328395407574,0.6389784510646973,0.37463432463267754,0.5143028508594515,0.1694347484174715,0.12427711004560905,0.9942627179989935,0.4392976851069794,0.9834151021607785,0.8592832235509577
13,_panic,0.7556603982486169,0.9274773448271414,0.43642538967990974,0.8907382871307888,0.8885233166386385,0.9834151021607785,0.7804973521048938,0.7734310900746748,0.7960198502108943,0.6640906067234306,0.8020332600334001,0.7305495724090181,1,1,0.3974567543079474,0.9197090092274486,0.9942627179989935,0.9484286521465705,0.8495907904857464,0.37463432463267754,0.6227432636378847,0.4841708859743919,0.15367061569847523,0.5528268918737769,0.26032561064731463,0.19061431299751203,0.13245323570650439,0.7526097476786041,0.10920337489699058,0.13362718068957594,0.37463432463267754,0.5453272378077753,0.26490647141300877,0.2503130871608794,0.2940889206069581,0.424516467154486,0.2013773805373962,0.1325441751169475,0.3510483108628952,0.4103457620849683,0.2013773805373962,0.29586894685510484,0.1798725265606986,0.37463432463267754,0.20374474092797193,0.19881554678421032,0.1724353772038212,0.23889776251201258,0.12842529172852035,0.6092450047546912,0.697749523423419,0.38235955645093633,0.8416002875146492,0.38235955645093633,0.537328395407574,0.6389784510646973,0.37463432463267754,0.5143028508594515,0.1694347484174715,0.12427711004560905,0.9942627179989935,0.4392976851069794,0.9834151021607785,0.8592832235509577
14,_uInt64_toAscii,0.5097993635039747,0.5543645659779897,0.8354251876425002,0.5867122110014958,0.47178578514405883,0.4503381050844577,0.378261330684259,0.41187647109207653,0.48851611482457064,0.7023319861882789,0.4889971817106178,0.5324190390734748,0.3974567543079474,0.3974567543079474,1,0.5474283602174217,0.36010109406105517,0.5157948574195875,0.5075026810933218,0.03315372552769014,0.46797241893368574,0.8446982367164172,0.508431382642173,0.8719920834951165,0.7549321391488105,0.7342949324189332,0.3594627701808178,0.4230545573737862,0.5535298675005604,0.44287663517307807,0.32048601343433797,0.5451293241318222,0.13284493680595438,0.14767843097590191,0.5478043651668743,0.6695088652521659,0.40097562920398,0.5120503368723645,0.7093506589705901,0.7779025958918516,0.40097562920398,0.6035379778060989,0.5127125064951814,0.03315372552769014,0.5389959779609311,0.5944331646569698,0.4322740525021936,0.5169612698717279,0.4426428482799264,0.6933482206239318,0.580108114108739,0.14437281887133477,0.5424684703177994,0.14437281887133477,0.6551545167776924,0.5748963732986805,0.32048601343433797,0.5815104625522697,0.44649802148551376,0.4798625386149725,0.36010109406105517,0.06597171496870105,0.4503381050844577,0.5530423721772313
15,_configError,0.7378632078883227,0.9505848293622025,0.6299549002537993,0.9063269671749657,0.9315885051121782,0.9547032697824666,0.677677796501887,0.688886234004565,0.751466614627983,0.8309489698388166,0.7634896430577909,0.876095805063078,0.9197090092274486,0.9197090092274486,0.5474283602174217,1,0.884797996620707,0.9221228546165695,0.9278843611976129,0.32732683535398854,0.5968698731120695,0.6295738648269011,0.23937645036836516,0.6750305117350129,0.548219132908616,0.2981934532375252,0.1543033499620919,0.6543260446335575,0.1845558087973569,0.1571971403082,0.5455447255899809,0.49640391637034237,0.23145502494313785,0.29160592175990213,0.47565302029531564,0.44918450650199393,0.31524045616080587,0.22875450543583875,0.6304783133466721,0.5314489673128867,0.31524045616080587,0.47001394395384233,0.2813892041695383,0.32732683535398854,0.3148915506183868,0.33367989381508484,0.23612343966445518,0.35285411500644404,0.21260501606769033,0.7141710634677293,0.6907472989297568,0.3563483225498992,0.7916672830052791,0.3563483225498992,0.7042147167923565,0.7909115788387002,0.5455447255899809,0.5398886213214593,0.19738550848793068,0.16192326847873842,0.884797996620707,0.37219368415938836,0.9547032697824666,0.9327822981462446
16,_crcError,0.7711060906199783,0.9095583841963573,0.392791153317254,0.8741838393628372,0.8392543274162825,0.9583727150068314,0.8129996295184362,0.8031411096572623,0.8149422393605468,0.6195224741298931,0.8206901956435887,0.659597339204445,0.9942627179989935,0.9942627179989935,0.36010109406105517,0.884797996620707,1.0000000000000002,0.9429872495113711,0.7941214529198779,0.3686048903872428,0.6491417944387877,0.45911559287475184,0.12095792986574797,0.520317811552303,0.20490870562216618,0.15003722473658027,0.10425720702853739,0.7848693471252227,0.0859566684356314,0.10724362547753995,0.29488391230979427,0.5518806584770286,0.26064301757134345,0.23643312187173018,0.23822691026117873,0.4081062174019957,0.15850910052566478,0.10432878768031269,0.2763187794351024,0.3668011342713361,0.15850910052566478,0.24700002913592356,0.14967250553281572,0.3686048903872428,0.16892570868859016,0.1671022870434828,0.13810933160327046,0.20147391227242692,0.10108671302760142,0.5930904971725819,0.710608227792479,0.3611575592573077,0.8544100289985097,0.3611575592573077,0.47581247937391297,0.597259882788835,0.29488391230979427,0.49824055677091467,0.1333662673423161,0.09782157696504742,1.0000000000000002,0.44008622942335207,0.9583727150068314,0.814709987019283
17,_compressedStreamEOF,0.8526765380495351,0.9682287151848157,0.5788260509080763,0.9143107147878141,0.8186238009832306,0.9326990598429291,0.8463381680110671,0.8493101532932121,0.8813285085275744,0.7798050730945446,0.8918483173825887,0.7336314490088525,0.9484286521465705,0.9484286521465705,0.5157948574195875,0.9221228546165695,0.9429872495113711,1,0.8201651098732596,0.22841609628806428,0.7373774088485956,0.6359954949991425,0.2123721817426675,0.6602880880862186,0.43546695624271664,0.2609685776726468,0.1076763804116331,0.8299512746189515,0.17692615010912394,0.15868606036859287,0.3045547950507524,0.6026050048968904,0.16151457061744964,0.2645360014558559,0.39575252819680246,0.5104333417349665,0.3069515532791085,0.20153298458667612,0.4577983799262857,0.5132663007247066,0.3069515532791085,0.3917615330696731,0.3060287973782409,0.22841609628806428,0.33899352260698556,0.3191406546793465,0.2545363085973516,0.34506825839632516,0.2417728402451219,0.7753198208010085,0.8359144926775393,0.27975144247209416,0.9187227857969246,0.27975144247209416,0.6097211119590087,0.7142443052179218,0.3045547950507524,0.6432257929262879,0.18365345150671517,0.16683192273654265,0.9429872495113711,0.30842367725319353,0.9326990598429291,0.8493668645369967
18,_OUTLINED_FUNCTION_0,0.6099758831223656,0.8948158811736556,0.5595905660700708,0.8019652685281737,0.926302172234155,0.9212884029599914,0.5513564787059224,0.5571434887142248,0.623445095239198,0.7444375004781978,0.6207432971757193,0.9321432172384291,0.8495907904857464,0.8495907904857464,0.5075026810933218,0.9278843611976129,0.7941214529198779,0.8201651098732596,1,0.1889822365046136,0.4396145794375391,0.49759560893110355,0.20819201053583777,0.6079244896315006,0.47477169593953905,0.2710636854637857,0.1336306209562122,0.518637786654722,0.1101740906529041,0.13349328551287348,0.6614378277661476,0.42513498491685453,0.1336306209562122,0.15152288168283162,0.40040514864190807,0.3527094291193492,0.2793552257390119,0.19315453261414228,0.6640665031135747,0.4777377421552684,0.2793552257390119,0.42513486073458473,0.1918412206165049,0.1889822365046136,0.2165188190908052,0.2447790478102228,0.16786402007180476,0.2711490074338557,0.12956687232762049,0.562002780928082,0.5325951597978975,0.23145502494313788,0.6672544802214856,0.23145502494313788,0.6550432296063071,0.7252406676228422,0.6614378277661476,0.4048361652533707,0.1709408646894569,0.13033109945112054,0.7941214529198779,0.20145574100634506,0.9212884029599914,0.8669214468630108
19,_OUTLINED_FUNCTION_1,0.028145041409517298,0.18939682326212925,0.04641183303571368,0.4213504858001922,0.4743416490252569,0.37499999999999994,0.01623684264885932,0.01956442978546446,0.038343191201584435,0.2626128657194451,0.06728363618513734,0.3441236008058426,0.37463432463267754,0.37463432463267754,0.03315372552769014,0.32732683535398854,0.3686048903872428,0.22841609628806428,0.1889822365046136,0.9999999999999998,0.0005918235637866879,0.023237861576677336,0.009375732507716865,0.013976107303149729,0.05345224838248487,0.012921929751311905,0.35355339059327373,0.0010926625901283439,0.008211077318035775,0.027975448329822152,0.4999999999999999,0.012602817296618406,0.7071067811865475,0.8017837257372731,0.22864153531863463,0.01581663448334511,0.06719131406833959,0.026207120918047954,0.07808688094430302,0.04261958961255476,0.06719131406833959,0.23931938620591267,0.08230770177767827,0.9999999999999998,0.0725132847442601,0.10793741444417317,0.0807502638519182,0.15942063153599692,0.14433756729740646,0.0810586491018695,0.012253168193929933,0.8164965809277259,0.0662021030947394,0.8164965809277259,0.35856858280031806,0.42640143271122083,0.4999999999999999,0.07542928274545538,0.1507556722888818,0.008729713347982069,0.3686048903872428,0.8528028654224417,0.37499999999999994,0.4170288281141495
20,_BZ2_blockSort,0.9746685958129029,0.7536433805063651,0.5211123227783219,0.5332940826494388,0.3695858806097756,0.5615961752662828,0.9330926202701207,0.9518451019942803,0.9572140281482481,0.668385783212206,0.9572900841097395,0.2812958215675639,0.6227432636378847,0.6227432636378847,0.46797241893368574,0.5968698731120695,0.6491417944387877,0.7373774088485956,0.4396145794375391,0.0005918235637866879,1,0.6822511977324367,0.04851325595898283,0.6145472933099858,0.41960368378611573,0.15246768410722947,0.012010446464801264,0.9445794442833169,0.13510990176561646,0.015488633374459665,0.02686878979591563,0.5215199665954878,0.003787266219736984,0.0026414640608661407,0.05304816623362028,0.38541475471888065,0.047702577375743446,0.09159115397601704,0.32044549185119026,0.333945815352966,0.047702577375743446,0.07240090365948183,0.030118405400189254,0.0005918235637866879,0.05169721064665267,0.08884523693167094,0.014608419361587166,0.030582517572477746,0.01424204521616086,0.8233955943545909,0.9334316395917112,0.0050496690257978575,0.8527947659255607,0.0050496690257978575,0.26628734912845126,0.44994792285594243,0.02686878979591563,0.4880751243212178,0.014507295451621416,0.031734402875809906,0.6491417944387877,0.002409984668129136,0.5615961752662828,0.459882561191849
21,_fallbackSort,0.6925526977906427,0.642958782329641,0.8530862030300996,0.6159901364072943,0.48838976108758664,0.5139142464072872,0.5627661347645543,0.6004005755205837,0.6697707830160398,0.800843829666476,0.67951137908248,0.487183362140677,0.4841708859743919,0.4841708859743919,0.8446982367164172,0.6295738648269011,0.45911559287475184,0.6359954949991425,0.49759560893110355,0.023237861576677336,0.6822511977324367,1,0.5841315221974906,0.9221440486069323,0.8175033891206932,0.7505217998450686,0.4082632914514726,0.6216978320055885,0.6603420335580651,0.5431998642112076,0.20377817074932433,0.5700906944355167,0.14156498031753847,0.11943422585330371,0.5902762692719394,0.7820867876543187,0.4012752910571078,0.5035003518026642,0.7104747802631863,0.8653380190001151,0.4012752910571078,0.5699874748440917,0.5929720864226793,0.023237861576677336,0.6290175743129484,0.6284735755728079,0.5722924847011513,0.5987601857979613,0.5231100361227059,0.9128178039267928,0.8107423653402808,0.24373822813435486,0.7087189952869127,0.24373822813435486,0.6982096322939416,0.5640312713373679,0.20377817074932433,0.7965331738640482,0.49746000112581124,0.5778697476983118,0.45911559287475184,0.07698264649334345,0.5139142464072872,0.6299057817780371
22,_mainGtU,0.08535797281407294,0.1707241357397965,0.39641703281119384,0.2796368015598159,0.25942585774759064,0.20509414860630643,0.03356321459176805,0.04659648708075791,0.09333995534476953,0.34593741148090323,0.10104803698021798,0.26671662867516144,0.15367061569847523,0.15367061569847523,0.508431382642173,0.23937645036836516,0.12095792986574797,0.2123721817426675,0.20819201053583777,0.009375732507716865,0.04851325595898283,0.5841315221974906,0.9999999999999999,0.5265254660521715,0.45905704821752125,0.7058650842413257,0.5237418787490222,0.11150824540428049,0.8006425911544802,0.7576255902554899,0.10313305758488552,0.20459515476865345,0.05966679631317975,0.08770194698478843,0.5800803154565092,0.663969229055937,0.41829861093103865,0.3624236593993881,0.4107202782416981,0.7944759999582509,0.41829861093103865,0.4032098804512788,0.6592847575594106,0.009375732507716865,0.7078756056520341,0.511224789716154,0.7604240824478775,0.6545653532734536,0.6042352433314963,0.41385890212923215,0.26744629089024163,0.2220023525510689,0.2040839274692311,0.2220023525510689,0.5434979707444502,0.15991303096030557,0.10313305758488552,0.6567103571018312,0.619088847541892,0.8179834874539348,0.12095792986574797,0.11793586033322535,0.20509414860630643,0.3655803942278582
23,_BZ2_hbMakeCodeLengths,0.6645184453181454,0.6859590013091411,0.8742163355151312,0.6573066679317644,0.5708692870528593,0.5934022225795657,0.5535893082198557,0.5833714008220412,0.654255888143298,0.7579181044346603,0.6546353493631871,0.5717971062597034,0.5528268918737769,0.5528268918737769,0.8719920834951165,0.6750305117350129,0.520317811552303,0.6602880880862186,0.6079244896315006,0.013976107303149729,0.6145472933099858,0.9221440486069323,0.5265254660521715,1.0000000000000002,0.7458092683899066,0.7325517601405979,0.34424390866123883,0.5982443868963965,0.5697779269381381,0.475278335525413,0.28883955093176106,0.6634837208920406,0.12682670319098274,0.07595052649713573,0.5950055691983595,0.763902854781422,0.485344236719563,0.5555148599868415,0.7042849379869264,0.8307812193208688,0.485344236719563,0.5598002309512309,0.5055749890090506,0.013976107303149729,0.5572980513244472,0.5811250134210333,0.4927355622369101,0.5170736743833594,0.43119302895066164,0.8170928574133045,0.7378660324490396,0.17877928663397885,0.7138183173554769,0.17877928663397885,0.6937995182210496,0.601902649956669,0.28883955093176106,0.7106063036460009,0.5436001827367152,0.5142612351611276,0.520317811552303,0.08045233440014883,0.5934022225795657,0.6688134498639084
24,_BZ2_hbAssignCodes,0.4537485041681939,0.5090767837187208,0.8672935628280602,0.5180090089306685,0.4394802124588286,0.3474396144861517,0.2399046557429856,0.2915087679872111,0.397299414311892,0.8281976394854439,0.4132661367885556,0.5886137659055672,0.26032561064731463,0.26032561064731463,0.7549321391488105,0.548219132908616,0.20490870562216618,0.43546695624271664,0.47477169593953905,0.05345224838248487,0.41960368378611573,0.8175033891206932,0.45905704821752125,0.7458092683899066,1,0.5819199723610622,0.2645751311064591,0.27118686265404773,0.44065614646860185,0.30804222622382726,0.42761798705987897,0.31594134369476623,0.03779644730092272,0.2571428571428571,0.6518082206082318,0.506536146694404,0.40943405619481393,0.4510671108178233,0.8681752259748694,0.7067357073959517,0.40943405619481393,0.6882181689531581,0.5411424014630699,0.05345224838248487,0.5558181285696181,0.6288752260430139,0.41091015686664545,0.5599771356158809,0.45133729863911887,0.7452359317987919,0.5239675118194451,0.1745743121887939,0.4227508702965788,0.1745743121887939,0.7155417527999328,0.6837634587578277,0.42761798705987897,0.5273679101662574,0.3062127263296445,0.3406346485144887,0.20490870562216618,0.04558423058385518,0.3474396144861517,0.56842377682686
25,_BZ2_hbCreateDecodeTables,0.17026924035746727,0.22900413595446292,0.6704986387589282,0.3607088163051689,0.32179399700835537,0.25440049197895315,0.08576866728905072,0.10981587471345473,0.17203491124492404,0.4046707015621221,0.17258273240913874,0.3201653516674752,0.19061431299751203,0.19061431299751203,0.7342949324189332,0.2981934532375252,0.15003722473658027,0.2609685776726468,0.2710636854637857,0.012921929751311905,0.15246768410722947,0.7505217998450686,0.7058650842413257,0.7325517601405979,0.5819199723610622,1,0.6852888114876634,0.17055569791637948,0.8612908125936252,0.8553013769359026,0.15183267457791488,0.5065533848617602,0.08223465737851961,0.060436792381712685,0.6648587009596408,0.8853074033915916,0.4095928994565336,0.6430898468501025,0.4919036801549032,0.9124293268207179,0.4095928994565336,0.6614789686598279,0.7764978996600849,0.012921929751311905,0.8063921584347987,0.7862957735382698,0.8133686801591755,0.7721404644992925,0.728329322938559,0.5288560586090686,0.38287940023096506,0.3613618675370043,0.3416417795788655,0.3613618675370043,0.6069751429744862,0.22039717437412584,0.15183267457791488,0.7336505877321007,0.7295463004948092,0.8512809902702309,0.15003722473658027,0.07300656401142919,0.25440049197895315,0.4088765066557401
26,_BZ2_bsInitWrite,0.014373341404822017,0.0765278731793381,0.23629047744132703,0.23409554595865587,0.22360679774997896,0.17677669529663687,0.004834181701923103,0.010788091583162835,0.033251461947419375,0.18569533817705186,0.03027609162416312,0.24333213169614382,0.13245323570650439,0.13245323570650439,0.3594627701808178,0.1543033499620919,0.10425720702853739,0.1076763804116331,0.1336306209562122,0.35355339059327373,0.012010446464801264,0.4082632914514726,0.5237418787490222,0.34424390866123883,0.2645751311064591,0.6852888114876634,1,0.07586560470717088,0.7606002072683493,0.8258830199663593,0.35355339059327373,0.3742845780447475,0.25,0.3779644730092272,0.4526871442371882,0.6310999359993306,0.16629001835095297,0.5744682204123535,0.22086305214969307,0.6406180289960103,0.16629001835095297,0.592285262994611,0.6693038418150781,0.35355339059327373,0.5845308432040617,0.6360273141434805,0.6737688979970728,0.7005203312109035,0.7909810627737347,0.3116618424672807,0.21660745802367945,0.5773502691896258,0.19348941824535143,0.5773502691896258,0.50709255283711,0.15075567228888181,0.35355339059327373,0.49069632743001035,0.6396021490668313,0.7592592592592593,0.10425720702853739,0.15075567228888181,0.17677669529663687,0.2211629342323457
27,_BZ2_compressBlock,0.9623604497863482,0.8089180208908247,0.4331717076710646,0.6161106094625972,0.4452708647845341,0.6781075658406609,0.992878862541253,0.9932509007777539,0.9798247161453878,0.5818740838831751,0.9735684532677389,0.33123101008862227,0.7526097476786041,0.7526097476786041,0.4230545573737862,0.6543260446335575,0.7848693471252227,0.8299512746189515,0.518637786654722,0.0010926625901283439,0.9445794442833169,0.6216978320055885,0.11150824540428049,0.5982443868963965,0.27118686265404773,0.17055569791637948,0.07586560470717088,1,0.17137201436794522,0.10096292210330235,0.011042866602360922,0.6137073292961271,0.008646870655681881,0.008487404444517921,0.08194785351141297,0.4658711170350721,0.06524310678027904,0.09736449371614182,0.20782410220241887,0.3715784507473201,0.06524310678027904,0.08241554207107299,0.09318622263054407,0.0010926625901283439,0.10833618765709319,0.10999710061783094,0.0944684103989874,0.09082918637645263,0.0803644632793049,0.7695126273043791,0.9346249500210119,0.03492692967794179,0.9347985089434407,0.03492692967794179,0.28152517144038913,0.4060183044337027,0.011042866602360922,0.5497962281521689,0.08199103404504345,0.11360550346599911,0.7848693471252227,0.012827474142712321,0.6781075658406609,0.5026447754110698
28,_bsPutUInt32,0.1211547575114046,0.11641423240402103,0.41828564572194615,0.23723941144438726,0.18435651521805277,0.14574662239513503,0.07015261743035313,0.0880099040930161,0.12685037796957127,0.28247982541246375,0.13470250860696784,0.15070002630280815,0.10920337489699058,0.10920337489699058,0.5535298675005604,0.1845558087973569,0.0859566684356314,0.17692615010912394,0.1101740906529041,0.008211077318035775,0.13510990176561646,0.6603420335580651,0.8006425911544802,0.5697779269381381,0.44065614646860185,0.8612908125936252,0.7606002072683493,0.17137201436794522,1.0000000000000002,0.9477775566961415,0.008211077318035775,0.3404581068446447,0.029030542262150738,0.04389005442914361,0.5106509842954751,0.7996380475687515,0.33102784494933685,0.5371109855684465,0.35392993416077556,0.8421662815430924,0.33102784494933685,0.483407216025037,0.77270457262019,0.008211077318035775,0.7715351127178195,0.6525993147405135,0.837295322172093,0.7586677698616695,0.753173580822373,0.4815462871738553,0.3634765761639823,0.32180719468365193,0.2529508198766544,0.32180719468365193,0.5181852468657788,0.0875303783128266,0.008211077318035775,0.7357945391282964,0.7006324284138031,0.964387445913521,0.0859566684356314,0.08402916318031355,0.14574662239513503,0.28250111599834854
29,_BZ2_decompress,0.025321605364504795,0.08212614616653344,0.33628348577858175,0.2285926974331095,0.22116533821647846,0.17484655206138844,0.008706928490700261,0.016896736075353778,0.048735555810171395,0.18734117271986195,0.05236188232610888,0.1668682082325474,0.13362718068957594,0.13362718068957594,0.44287663517307807,0.1571971403082,0.10724362547753995,0.15868606036859287,0.13349328551287348,0.027975448329822152,0.015488633374459665,0.5431998642112076,0.7576255902554899,0.475278335525413,0.30804222622382726,0.8553013769359026,0.8258830199663593,0.10096292210330235,0.9477775566961415,1,0.020981586247366613,0.3922335288020576,0.029672443831126678,0.02990701225474051,0.5198099992346,0.8116932595069739,0.33599765036903895,0.6048536646209078,0.25231154060739436,0.8129456559938286,0.33599765036903895,0.5289103027271328,0.80283807390211,0.027975448329822152,0.7880064266711919,0.6919911076461088,0.8762757331120303,0.8010233659564833,0.8070768926766668,0.3794773976810292,0.2815431069206917,0.3940220489685459,0.22829399788150426,0.3940220489685459,0.4998839902312548,0.029821928121437243,0.020981586247366613,0.7166130534795508,0.7485987098967756,0.96746819948155,0.10724362547753995,0.10139455561288663,0.17484655206138844,0.2872892476614842
