result,218058792,1
left,birthmark,bzip2-1.0.3,/Users/tamada/researches/2026snpd_tamada_experiments/experiments/experiment0/executables/bzip2-1.0.3,op-seq,2026-04-17T04:57:16.349313+00:00,1592375
right,birthmark,bzip2-1.0.3,/Users/tamada/researches/2026snpd_tamada_experiments/experiments/experiment0/executables/bzip2-1.0.3,op-seq,2026-04-17T04:57:16.349313+00:00,1592375
matrix,,_fopen_output_safely,entry,_mySIGSEGVorSIGBUScatcher,_addFlagsFromEnvVar,_snocString,_usage,_mySignalCatcher,_compress,_uncompress,_testf,_showFileNames,_cleanUpAndFail,_cadvise,_outOfMemory,_panic,_configError,_crcError,_compressedStreamEOF,_OUTLINED_FUNCTION_0,_OUTLINED_FUNCTION_1,_BZ2_blockSort,_fallbackSort,_mainGtU,_BZ2_hbMakeCodeLengths,_BZ2_hbAssignCodes,_BZ2_hbCreateDecodeTables,_BZ2_bsInitWrite,_BZ2_compressBlock,_bsPutUInt32,_BZ2_decompress,_BZ2_bzlibVersion,_BZ2_bzCompressInit,_default_bzalloc,_default_bzfree,_BZ2_bzCompress,_handle_compress,_BZ2_bzCompressEnd,_BZ2_bzDecompressInit,_BZ2_indexIntoF,_BZ2_bzDecompress,_BZ2_bzDecompressEnd,_BZ2_bzWriteOpen,_BZ2_bzWrite,_BZ2_bzWriteClose,_BZ2_bzWriteClose64,_BZ2_bzReadOpen,_BZ2_bzReadClose,_BZ2_bzRead,_BZ2_bzReadGetUnused,_BZ2_bzBuffToBuffCompress,_BZ2_bzBuffToBuffDecompress,_BZ2_bzopen,_bzopen_or_bzdopen,_BZ2_bzdopen,_BZ2_bzread,_BZ2_bzwrite,_BZ2_bzflush,_BZ2_bzclose,_BZ2_bzerror,_add_pair_to_block,_ioError,_main.cold.1,_main.cold.2,_main.cold.3,_BZ2_bz__AssertH__fail
0,_fopen_output_safely,1,0.0035807291666666665,0.15254237288135594,0.08943089430894309,0.17647058823529413,0.23529411764705882,0.21052631578947367,0.0021359223300970874,0.0022969304656504487,0.006235827664399093,0.23809523809523808,0.05,0.19047619047619047,0.23809523809523808,0.23809523809523808,0.2857142857142857,0.20833333333333334,0.16326530612244897,0.13636363636363635,0.18181818181818182,0.002679006332196785,0.0088,0.01643192488262911,0.015817223198594025,0.15555555555555556,0.030042918454935622,0.07142857142857142,0.0011046394858405303,0.017094017094017096,0.0015004774246351112,0.18181818181818182,0.029535864978902954,0.15384615384615385,0.23076923076923078,0.0738255033557047,0.018518518518518517,0.11475409836065574,0.09876543209876543,0.16666666666666666,0.005432098765432099,0.11475409836065574,0.11702127659574468,0.08527131782945736,0.18181818181818182,0.03691275167785235,0.088,0.056074766355140186,0.06043956043956044,0.08928571428571429,0.02564102564102564,0.02444987775061125,0.16666666666666666,0.02743142144638404,0.16666666666666666,0.30434782608695654,0.3333333333333333,0.18181818181818182,0.07333333333333333,0.041666666666666664,0.04081632653061224,0.20833333333333334,0.3333333333333333,0.3333333333333333,0.21052631578947367,0.38095238095238093
1,entry,0.0035807291666666665,1,0.0185546875,0.03666450356911097,0.014629388816644993,0.0032552083333333335,0.00390625,0.5619300911854104,0.6062525541479362,0.5630252100840336,0.0048828125,0.07161458333333333,0.004557291666666667,0.0048828125,0.0048828125,0.005208333333333333,0.005859375,0.014973958333333334,0.004557291666666667,0.0006510416666666666,0.4568703064745281,0.20122290161200668,0.05782621858916137,0.12627669452181986,0.012687052700065062,0.04495093383982273,0.0013020833333333333,0.2486823191183517,0.0361180904522613,0.2892551741231875,0.0006510416666666666,0.03442879499217527,0.0006506180871828237,0.0016276041666666667,0.04577922077922078,0.0675596971461852,0.016569200779727095,0.019087673891944355,0.006501950585175552,0.1576198046786282,0.016569200779727095,0.02625607779578606,0.039285714285714285,0.0006510416666666666,0.07154213036565978,0.034627831715210354,0.031524211894702635,0.04832474226804124,0.01495448634590377,0.11393627293208883,0.12041210560206053,0.0009765625,0.11887886597938144,0.0009765625,0.00585746827204686,0.0029296875,0.0006510416666666666,0.04746423927178153,0.0035772357723577236,0.035193405199746355,0.005859375,0.0016276041666666667,0.0016276041666666667,0.00390625,0.005859375
2,_mySIGSEGVorSIGBUScatcher,0.15254237288135594,0.0185546875,1,0.30434782608695654,0.24705882352941178,0.17543859649122806,0.21052631578947367,0.011067961165048544,0.0119022760492796,0.03231292517006803,0.2413793103448276,0.25339366515837103,0.24561403508771928,0.2631578947368421,0.2631578947368421,0.25862068965517243,0.3157894736842105,0.7166666666666667,0.24561403508771928,0.03508771929824561,0.013882123721383342,0.0456,0.066815144766147,0.09666080843585237,0.30666666666666664,0.1171875,0.03389830508474576,0.005724040972082747,0.04411764705882353,0.007637752318603383,0.03508771929824561,0.07806691449814127,0.03389830508474576,0.08771929824561403,0.1839080459770115,0.04662379421221865,0.17525773195876287,0.13445378151260504,0.265625,0.027640671273445213,0.17525773195876287,0.22764227642276422,0.18471337579617833,0.03508771929824561,0.1059190031152648,0.1592356687898089,0.08904109589041095,0.12735849056603774,0.12631578947368421,0.1377551020408163,0.12864077669902912,0.05263157894736842,0.14214463840399003,0.05263157894736842,0.2459016393442623,0.13793103448275862,0.03508771929824561,0.26993865030674846,0.07575757575757576,0.059322033898305086,0.3157894736842105,0.08771929824561403,0.08771929824561403,0.21052631578947367,0.3157894736842105
3,_addFlagsFromEnvVar,0.08943089430894309,0.03666450356911097,0.30434782608695654,1,0.2835820895522388,0.08130081300813008,0.0975609756097561,0.023287405394915583,0.024614100959532748,0.058922558922558925,0.12195121951219512,0.29924242424242425,0.10483870967741936,0.12195121951219512,0.12195121951219512,0.13008130081300814,0.13709677419354838,0.2803030303030303,0.11382113821138211,0.016260162601626018,0.029956161714564052,0.0984,0.1401673640167364,0.20418848167539266,0.312,0.3803921568627451,0.032520325203252036,0.012351877887125929,0.16666666666666666,0.016778065748192607,0.016260162601626018,0.24041811846689895,0.032520325203252036,0.03225806451612903,0.4166666666666667,0.16019417475728157,0.2765957446808511,0.2967741935483871,0.176,0.060217176702862786,0.2765957446808511,0.41830065359477125,0.4,0.016260162601626018,0.2455621301775148,0.3626373626373626,0.2711864406779661,0.2708333333333333,0.22695035460992907,0.23671497584541062,0.22350230414746544,0.024390243902439025,0.2565947242206235,0.024390243902439025,0.14516129032258066,0.07317073170731707,0.016260162601626018,0.39285714285714285,0.096,0.18796992481203006,0.13709677419354838,0.04065040650406504,0.04065040650406504,0.0975609756097561,0.14634146341463414
4,_snocString,0.17647058823529413,0.014629388816644993,0.24705882352941178,0.2835820895522388,1,0.1568627450980392,0.1509433962264151,0.009514563106796117,0.009810060530160718,0.023137697516930022,0.18518518518518517,0.12552301255230125,0.23529411764705882,0.16363636363636364,0.16363636363636364,0.2037037037037037,0.17543859649122806,0.26666666666666666,0.16666666666666666,0.04081632653061224,0.011933755479785679,0.0392,0.04434589800443459,0.07317073170731707,0.3235294117647059,0.15352697095435686,0.08163265306122448,0.004819761020182749,0.08235294117647059,0.006272157076629398,0.04081632653061224,0.1417004048582996,0.06,0.10204081632653061,0.2222222222222222,0.06988352745424292,0.30864197530864196,0.30927835051546393,0.25862068965517243,0.02167487684729064,0.30864197530864196,0.375,0.2714285714285714,0.04081632653061224,0.1490066225165563,0.29850746268656714,0.23770491803278687,0.21578947368421053,0.3561643835616438,0.07881773399014778,0.07783018867924528,0.061224489795918366,0.1111111111111111,0.061224489795918366,0.25925925925925924,0.13725490196078433,0.04081632653061224,0.17751479289940827,0.10526315789473684,0.12558139534883722,0.17543859649122806,0.10204081632653061,0.10204081632653061,0.1509433962264151,0.24074074074074073
5,_usage,0.23529411764705882,0.0032552083333333335,0.17543859649122806,0.08130081300813008,0.1568627450980392,1,0.8333333333333334,0.001941747572815534,0.0020881186051367718,0.005668934240362812,0.5625,0.045454545454545456,0.6,0.6666666666666666,0.6666666666666666,0.625,0.5555555555555556,0.21739130434782608,0.6,0.2,0.0024354603019970775,0.008,0.014084507042253521,0.01763668430335097,0.13333333333333333,0.02575107296137339,0.16666666666666666,0.001004217714400482,0.01282051282051282,0.0013640703860319193,0.2,0.02531645569620253,0.16666666666666666,0.15384615384615385,0.052980132450331126,0.013422818791946308,0.09836065573770492,0.07317073170731707,0.21428571428571427,0.0049382716049382715,0.09836065573770492,0.07216494845360824,0.061068702290076333,0.2,0.02666666666666667,0.06299212598425197,0.037037037037037035,0.043478260869565216,0.05263157894736842,0.02570694087403599,0.024509803921568627,0.3,0.02493765586034913,0.3,0.38095238095238093,0.35714285714285715,0.2,0.06666666666666667,0.14285714285714285,0.020100502512562814,0.5555555555555556,0.36363636363636365,0.36363636363636365,0.8333333333333334,0.5555555555555556
6,_mySignalCatcher,0.21052631578947367,0.00390625,0.21052631578947367,0.0975609756097561,0.1509433962264151,0.8333333333333334,1,0.002330097087378641,0.002505742326164126,0.006802721088435374,0.5,0.05454545454545454,0.5294117647058824,0.8,0.8,0.75,0.6666666666666666,0.2608695652173913,0.7333333333333333,0.16666666666666666,0.0029225523623964927,0.0096,0.014018691588785047,0.021164021164021163,0.1276595744680851,0.02553191489361702,0.14285714285714285,0.0012050612572805785,0.012711864406779662,0.001636884463238303,0.16666666666666666,0.02510460251046025,0.14285714285714285,0.13333333333333333,0.05228758169934641,0.013377926421404682,0.09523809523809523,0.07142857142857142,0.2,0.005925925925925926,0.09523809523809523,0.0707070707070707,0.06015037593984962,0.16666666666666666,0.026490066225165563,0.06201550387596899,0.03636363636363636,0.043010752688172046,0.05084745762711865,0.030848329048843187,0.029411764705882353,0.25,0.029925187032418952,0.25,0.34782608695652173,0.3125,0.16666666666666666,0.08,0.13043478260869565,0.01990049751243781,0.6666666666666666,0.3076923076923077,0.3076923076923077,1,0.5789473684210527
7,_compress,0.0021359223300970874,0.5619300911854104,0.011067961165048544,0.023287405394915583,0.009514563106796117,0.001941747572815534,0.002330097087378641,1,0.8728094968908988,0.34226363812851873,0.002912621359223301,0.04271844660194175,0.0027184466019417475,0.002912621359223301,0.002912621359223301,0.0031067961165048546,0.003495145631067961,0.008932038834951457,0.0027184466019417475,0.0003883495145631068,0.411836485661989,0.14143035491350098,0.03414996288047513,0.09353481254781944,0.007961165048543689,0.02986789201608271,0.0007766990291262136,0.22939213931157945,0.025362318840579712,0.27813620071684586,0.0003883495145631068,0.0267022696929239,0.0005824111822947001,0.000970873786407767,0.02813348855258052,0.04989946993237068,0.010479332427712013,0.013767694395966647,0.004270186335403727,0.11812373383200872,0.010479332427712013,0.017264791464597477,0.02504854368932039,0.0003883495145631068,0.04507960867063111,0.022286821705426358,0.018619084561675717,0.028946352759552298,0.009708737864077669,0.06909862960818375,0.07338740826573967,0.0005825242718446602,0.07410990712074303,0.0005825242718446602,0.0036893203883495147,0.0017475728155339806,0.0003883495145631068,0.028128031037827354,0.002329192546583851,0.022192462215419935,0.003495145631067961,0.000970873786407767,0.000970873786407767,0.002330097087378641,0.003495145631067961
8,_uncompress,0.0022969304656504487,0.6062525541479362,0.0119022760492796,0.024614100959532748,0.009810060530160718,0.0020881186051367718,0.002505742326164126,0.8728094968908988,1,0.36834412194612653,0.0031321779077051574,0.04593860931300898,0.0029233660471914805,0.0031321779077051574,0.0031321779077051574,0.003340989768218835,0.003758613489246189,0.00960534558362915,0.0029233660471914805,0.00041762372102735435,0.45366890014708283,0.14288417865253597,0.03639618138424821,0.09373085562589341,0.008350730688935281,0.025546699366441855,0.0008352474420547087,0.23529904506617524,0.024509803921568627,0.2860780984719864,0.00041762372102735435,0.02468883901244644,0.0006263048016701461,0.0010440593025683859,0.02917882451021259,0.04585195259374393,0.011268781302170284,0.013747136013330555,0.00459194322688374,0.12127694586144479,0.011268781302170284,0.017291666666666667,0.024156601416076635,0.00041762372102735435,0.04649249125694301,0.020560747663551402,0.018109908409658617,0.030686294837238233,0.009386733416770964,0.07516611295681064,0.07843951027184064,0.0006264355815410315,0.07587064676616916,0.0006264355815410315,0.003967425349759866,0.0018793067446230946,0.00041762372102735435,0.02852977925864223,0.002504696305572949,0.02299794661190965,0.003758613489246189,0.0010440593025683859,0.0010440593025683859,0.002505742326164126,0.003758613489246189
9,_testf,0.006235827664399093,0.5630252100840336,0.03231292517006803,0.058922558922558925,0.023137697516930022,0.005668934240362812,0.006802721088435374,0.34226363812851873,0.36834412194612653,1,0.008503401360544218,0.12407932011331445,0.007936507936507936,0.008503401360544218,0.008503401360544218,0.009070294784580499,0.01020408163265306,0.026077097505668934,0.007936507936507936,0.0011337868480725624,0.41377649325626203,0.27983014861995753,0.06842619745845552,0.19784172661870503,0.022083805209513023,0.055614406779661014,0.0022675736961451248,0.1684609250398724,0.04186289900575615,0.23021777356959286,0.0011337868480725624,0.0549392498679345,0.0011325028312570782,0.002834467120181406,0.07351290684624018,0.08214777420835245,0.030560271646859084,0.03309029725182277,0.011312217194570135,0.18221528861154446,0.030560271646859084,0.04147982062780269,0.06050420168067227,0.0011337868480725624,0.091005291005291,0.04827968923418424,0.04187604690117253,0.0668859649122807,0.021971830985915493,0.18426842684268427,0.19209659714599342,0.0017006802721088435,0.18956043956043955,0.0017006802721088435,0.010770975056689343,0.00510204081632653,0.0011337868480725624,0.0710688304420817,0.006795016987542469,0.040957446808510635,0.01020408163265306,0.002834467120181406,0.002834467120181406,0.006802721088435374,0.01020408163265306
10,_showFileNames,0.23809523809523808,0.0048828125,0.2413793103448276,0.12195121951219512,0.18518518518518517,0.5625,0.5,0.002912621359223301,0.0031321779077051574,0.008503401360544218,1,0.06334841628959276,0.6111111111111112,0.42857142857142855,0.42857142857142855,0.55,0.375,0.2978723404255319,0.45,0.13333333333333333,0.003653190452995616,0.012,0.025821596244131457,0.026455026455026454,0.2727272727272727,0.05172413793103448,0.11764705882352941,0.001506326571600723,0.03418803418803419,0.002046105579047879,0.13333333333333333,0.04201680672268908,0.11764705882352941,0.25,0.07894736842105263,0.02181208053691275,0.14285714285714285,0.12048192771084337,0.39285714285714285,0.007407407407407408,0.14285714285714285,0.10101010101010101,0.09923664122137404,0.13333333333333333,0.043333333333333335,0.09375,0.05405405405405406,0.05913978494623656,0.08333333333333333,0.035897435897435895,0.034229828850855744,0.2,0.03482587064676617,0.2,0.4782608695652174,0.5,0.13333333333333333,0.09271523178807947,0.16,0.04522613065326633,0.375,0.17647058823529413,0.17647058823529413,0.5,0.5
11,_cleanUpAndFail,0.05,0.07161458333333333,0.25339366515837103,0.29924242424242425,0.12552301255230125,0.045454545454545456,0.05454545454545454,0.04271844660194175,0.04593860931300898,0.12407932011331445,0.06334841628959276,1,0.058823529411764705,0.06818181818181818,0.06818181818181818,0.07272727272727272,0.08181818181818182,0.20909090909090908,0.06363636363636363,0.00909090909090909,0.05306718597857838,0.17412140575079874,0.08813559322033898,0.3073089700996678,0.12987012987012986,0.15721649484536082,0.009009009009009009,0.022092789716810605,0.06682577565632458,0.0295882192527952,0.00909090909090909,0.09685230024213075,0.009009009009009009,0.01809954751131222,0.1864951768488746,0.08100929614873838,0.1306122448979592,0.12030075187969924,0.07488986784140969,0.1042793900639449,0.1306122448979592,0.15441176470588236,0.15946843853820597,0.00909090909090909,0.12121212121212122,0.1423841059602649,0.10273972602739725,0.1388101983002833,0.10655737704918032,0.4262295081967213,0.4846335697399527,0.013636363636363636,0.5220588235294118,0.013636363636363636,0.07174887892376682,0.04090909090909091,0.00909090909090909,0.289198606271777,0.030837004405286344,0.07272727272727272,0.08181818181818182,0.022727272727272728,0.022727272727272728,0.05454545454545454,0.08181818181818182
12,_cadvise,0.19047619047619047,0.004557291666666667,0.24561403508771928,0.10483870967741936,0.23529411764705882,0.6,0.5294117647058824,0.0027184466019417475,0.0029233660471914805,0.007936507936507936,0.6111111111111112,0.058823529411764705,1,0.45,0.45,0.5789473684210527,0.391304347826087,0.2765957446808511,0.6470588235294118,0.14285714285714285,0.0034096444227959084,0.0112,0.023474178403755867,0.024691358024691357,0.2222222222222222,0.04291845493562232,0.125,0.0014059048001606748,0.016877637130801686,0.0017730496453900709,0.14285714285714285,0.046610169491525424,0.125,0.35714285714285715,0.07947019867549669,0.018425460636515914,0.16393442622950818,0.10843373493975904,0.35714285714285715,0.006913580246913581,0.16393442622950818,0.1134020618556701,0.0916030534351145,0.14285714285714285,0.04,0.09448818897637795,0.06422018348623854,0.06521739130434782,0.10344827586206896,0.03598971722365039,0.03178484107579462,0.21428571428571427,0.034912718204488775,0.21428571428571427,0.5,0.4375,0.14285714285714285,0.0718954248366013,0.12,0.029850746268656716,0.391304347826087,0.1875,0.1875,0.5294117647058824,0.5238095238095238
13,_outOfMemory,0.23809523809523808,0.0048828125,0.2631578947368421,0.12195121951219512,0.16363636363636364,0.6666666666666666,0.8,0.002912621359223301,0.0031321779077051574,0.008503401360544218,0.42857142857142855,0.06818181818181818,0.45,1,1,0.631578947368421,0.8333333333333334,0.32608695652173914,0.6111111111111112,0.13333333333333333,0.003653190452995616,0.012,0.013921113689095127,0.026455026455026454,0.12,0.025210084033613446,0.11764705882352941,0.001506326571600723,0.012552301255230125,0.002046105579047879,0.13333333333333333,0.024793388429752067,0.11764705882352941,0.1111111111111111,0.05806451612903226,0.015,0.09090909090909091,0.06896551724137931,0.18181818181818182,0.007407407407407408,0.09090909090909091,0.07920792079207921,0.06666666666666667,0.13333333333333333,0.029605263157894735,0.06870229007633588,0.035398230088495575,0.047872340425531915,0.04838709677419355,0.035897435897435895,0.034229828850855744,0.2,0.03740648379052369,0.2,0.3076923076923077,0.2631578947368421,0.13333333333333333,0.1,0.11538461538461539,0.0196078431372549,0.8333333333333334,0.3333333333333333,0.3333333333333333,0.8,0.5714285714285714
14,_panic,0.23809523809523808,0.0048828125,0.2631578947368421,0.12195121951219512,0.16363636363636364,0.6666666666666666,0.8,0.002912621359223301,0.0031321779077051574,0.008503401360544218,0.42857142857142855,0.06818181818181818,0.45,1,1,0.631578947368421,0.8333333333333334,0.32608695652173914,0.6111111111111112,0.13333333333333333,0.003653190452995616,0.012,0.013921113689095127,0.026455026455026454,0.12,0.025210084033613446,0.11764705882352941,0.001506326571600723,0.012552301255230125,0.002046105579047879,0.13333333333333333,0.024793388429752067,0.11764705882352941,0.1111111111111111,0.05806451612903226,0.015,0.09090909090909091,0.06896551724137931,0.18181818181818182,0.007407407407407408,0.09090909090909091,0.07920792079207921,0.06666666666666667,0.13333333333333333,0.029605263157894735,0.06870229007633588,0.035398230088495575,0.047872340425531915,0.04838709677419355,0.035897435897435895,0.034229828850855744,0.2,0.03740648379052369,0.2,0.3076923076923077,0.2631578947368421,0.13333333333333333,0.1,0.11538461538461539,0.0196078431372549,0.8333333333333334,0.3333333333333333,0.3333333333333333,0.8,0.5714285714285714
15,_configError,0.2857142857142857,0.005208333333333333,0.25862068965517243,0.13008130081300814,0.2037037037037037,0.625,0.75,0.0031067961165048546,0.003340989768218835,0.009070294784580499,0.55,0.07272727272727272,0.5789473684210527,0.631578947368421,0.631578947368421,1,0.5454545454545454,0.3191489361702128,0.6666666666666666,0.125,0.003896736483195324,0.0128,0.02336448598130841,0.02821869488536155,0.2127659574468085,0.0425531914893617,0.1111111111111111,0.0016067483430407712,0.02531645569620253,0.0021825126176510706,0.125,0.0375,0.1111111111111111,0.16666666666666666,0.0784313725490196,0.020066889632107024,0.140625,0.10588235294117647,0.2903225806451613,0.007901234567901235,0.140625,0.1,0.09022556390977443,0.125,0.039735099337748346,0.09302325581395349,0.04424778761061947,0.06451612903225806,0.06451612903225806,0.04113110539845758,0.03667481662591687,0.1875,0.0399002493765586,0.1875,0.4,0.3888888888888889,0.125,0.09210526315789473,0.1111111111111111,0.034653465346534656,0.5454545454545454,0.23529411764705882,0.23529411764705882,0.75,0.7
16,_crcError,0.20833333333333334,0.005859375,0.3157894736842105,0.13709677419354838,0.17543859649122806,0.5555555555555556,0.6666666666666666,0.003495145631067961,0.003758613489246189,0.01020408163265306,0.375,0.08181818181818182,0.391304347826087,0.8333333333333334,0.8333333333333334,0.5454545454545454,1,0.391304347826087,0.5238095238095238,0.1111111111111111,0.00438382854359474,0.0144,0.013824884792626729,0.031746031746031744,0.11320754716981132,0.024896265560165973,0.1,0.0018075918859208676,0.012396694214876033,0.002455326694857455,0.1111111111111111,0.024489795918367346,0.1,0.09523809523809523,0.056962025316455694,0.016611295681063124,0.08695652173913043,0.06666666666666667,0.16666666666666666,0.008888888888888889,0.08695652173913043,0.08737864077669903,0.072992700729927,0.1111111111111111,0.032679738562091505,0.07518796992481203,0.034482758620689655,0.05263157894736842,0.046153846153846156,0.04092071611253197,0.03902439024390244,0.16666666666666666,0.04488778054862843,0.16666666666666666,0.27586206896551724,0.22727272727272727,0.1111111111111111,0.12,0.10344827586206896,0.01932367149758454,1,0.2777777777777778,0.2777777777777778,0.6666666666666666,0.5
17,_compressedStreamEOF,0.16326530612244897,0.014973958333333334,0.7166666666666667,0.2803030303030303,0.26666666666666666,0.21739130434782608,0.2608695652173913,0.008932038834951457,0.00960534558362915,0.026077097505668934,0.2978723404255319,0.20909090909090908,0.2765957446808511,0.32608695652173914,0.32608695652173914,0.3191489361702128,0.391304347826087,1,0.30434782608695654,0.043478260869565216,0.011203117389186557,0.0368,0.051685393258426963,0.07922535211267606,0.359375,0.10441767068273092,0.041666666666666664,0.004619401486242217,0.05405405405405406,0.006274723775746828,0.043478260869565216,0.08560311284046693,0.041666666666666664,0.0851063829787234,0.15384615384615385,0.04918032786885246,0.21176470588235294,0.1588785046728972,0.32075471698113206,0.022211253701875617,0.21176470588235294,0.19658119658119658,0.18243243243243243,0.043478260869565216,0.09206349206349207,0.1793103448275862,0.1044776119402985,0.13432835820895522,0.1566265060240964,0.1096938775510204,0.10462287104622871,0.06521739130434782,0.11471321695760599,0.06521739130434782,0.27450980392156865,0.1702127659574468,0.043478260869565216,0.2645161290322581,0.1111111111111111,0.06696428571428571,0.391304347826087,0.10869565217391304,0.10869565217391304,0.2608695652173913,0.3617021276595745
18,_OUTLINED_FUNCTION_0,0.13636363636363635,0.004557291666666667,0.24561403508771928,0.11382113821138211,0.16666666666666666,0.6,0.7333333333333333,0.0027184466019417475,0.0029233660471914805,0.007936507936507936,0.45,0.06363636363636363,0.6470588235294118,0.6111111111111112,0.6111111111111112,0.6666666666666666,0.5238095238095238,0.30434782608695654,1,0.14285714285714285,0.0034096444227959084,0.0112,0.02107728337236534,0.024691358024691357,0.1956521739130435,0.038461538461538464,0.125,0.0014059048001606748,0.012605042016806723,0.0019096985404446869,0.14285714285714285,0.037815126050420166,0.125,0.11764705882352941,0.06535947712418301,0.016722408026755852,0.109375,0.08235294117647059,0.3103448275862069,0.006913580246913581,0.109375,0.09090909090909091,0.07518796992481203,0.14285714285714285,0.033112582781456956,0.07751937984496124,0.03571428571428571,0.053763440860215055,0.04918032786885246,0.03598971722365039,0.03431372549019608,0.21428571428571427,0.034912718204488775,0.21428571428571427,0.32,0.2777777777777778,0.14285714285714285,0.0718954248366013,0.12,0.019704433497536946,0.5238095238095238,0.1875,0.1875,0.7333333333333333,0.5238095238095238
19,_OUTLINED_FUNCTION_1,0.18181818181818182,0.0006510416666666666,0.03508771929824561,0.016260162601626018,0.04081632653061224,0.2,0.16666666666666666,0.0003883495145631068,0.00041762372102735435,0.0011337868480725624,0.13333333333333333,0.00909090909090909,0.14285714285714285,0.13333333333333333,0.13333333333333333,0.125,0.1111111111111111,0.043478260869565216,0.14285714285714285,1,0.0004870920603994155,0.0016,0.002364066193853428,0.003527336860670194,0.023809523809523808,0.004347826086956522,0.2,0.0002008435428800964,0.0043859649122807015,0.00027281407720638383,0.3333333333333333,0.004273504273504274,0.5,0.4,0.013422818791946308,0.003367003367003367,0.017241379310344827,0.012658227848101266,0.04,0.0009876543209876543,0.017241379310344827,0.02127659574468085,0.015503875968992248,1,0.006711409395973154,0.016,0.0196078431372549,0.01098901098901099,0.0196078431372549,0.005141388174807198,0.004901960784313725,0.6666666666666666,0.004987531172069825,0.6666666666666666,0.10526315789473684,0.2222222222222222,0.3333333333333333,0.013333333333333334,0.06666666666666667,0.005154639175257732,0.1111111111111111,0.4,0.4,0.16666666666666666,0.1111111111111111
20,_BZ2_blockSort,0.002679006332196785,0.4568703064745281,0.013882123721383342,0.029956161714564052,0.011933755479785679,0.0024354603019970775,0.0029225523623964927,0.411836485661989,0.45366890014708283,0.41377649325626203,0.003653190452995616,0.05306718597857838,0.0034096444227959084,0.003653190452995616,0.003653190452995616,0.003896736483195324,0.00438382854359474,0.011203117389186557,0.0034096444227959084,0.0004870920603994155,1,0.2924710424710425,0.08846153846153847,0.13587749149246475,0.009985387238188018,0.05525803310613437,0.000974184120798831,0.28087431693989073,0.05425790754257907,0.4126729249011858,0.0004870920603994155,0.054947726720155604,0.000974184120798831,0.0012177301509985387,0.034273213417598446,0.14244044725328148,0.013141883669992699,0.018996590355577204,0.0058451047247929854,0.2880252100840336,0.013141883669992699,0.022146507666098807,0.031166301436571706,0.0004870920603994155,0.06919155134741442,0.03044325377496347,0.024093453394986614,0.04330900243309002,0.011930849768687607,0.08969696969696969,0.09563106796116505,0.0007306380905991232,0.09766195811008281,0.0007306380905991232,0.004627374573794447,0.00219191427179737,0.0004870920603994155,0.03577512776831346,0.003165327489651814,0.04649464459591042,0.00438382854359474,0.0012177301509985387,0.0012177301509985387,0.0029225523623964927,0.00438382854359474
21,_fallbackSort,0.0088,0.20122290161200668,0.0456,0.0984,0.0392,0.008,0.0096,0.14143035491350098,0.14288417865253597,0.27983014861995753,0.012,0.17412140575079874,0.0112,0.012,0.012,0.0128,0.0144,0.0368,0.0112,0.0016,0.2924710424710425,1,0.2524344569288389,0.407436096049574,0.0328,0.16640378548895898,0.0032,0.12248372558838258,0.17971246006389777,0.164472791423531,0.0016,0.126044039483675,0.0032,0.004,0.11119936457505956,0.3275737940964723,0.04226475279106858,0.06070287539936102,0.0192,0.47191011235955055,0.04226475279106858,0.07091633466135458,0.10143769968051118,0.0016,0.22371541501976286,0.09824281150159744,0.07814992025518341,0.14376996805111822,0.03916866506794564,0.2905511811023622,0.2993730407523511,0.0024,0.2878315132605304,0.0024,0.0152,0.0072,0.0016,0.11642743221690591,0.0112,0.15347721822541965,0.0144,0.004,0.004,0.0096,0.0144
22,_mainGtU,0.01643192488262911,0.05782621858916137,0.066815144766147,0.1401673640167364,0.04434589800443459,0.014084507042253521,0.014018691588785047,0.03414996288047513,0.03639618138424821,0.06842619745845552,0.025821596244131457,0.08813559322033898,0.023474178403755867,0.013921113689095127,0.013921113689095127,0.02336448598130841,0.013824884792626729,0.051685393258426963,0.02107728337236534,0.002364066193853428,0.08846153846153847,0.2524344569288389,1,0.1773809523809524,0.07424593967517401,0.19889502762430938,0.009478672985781991,0.03634185303514377,0.34368530020703936,0.05096922868374678,0.004739336492890996,0.13126079447322972,0.0047169811320754715,0.007075471698113208,0.22008547008547008,0.34214002642007924,0.07399103139013453,0.07526881720430108,0.046948356807511735,0.1821256038647343,0.07399103139013453,0.11206896551724138,0.20833333333333334,0.002364066193853428,0.36363636363636365,0.15157894736842106,0.18018018018018017,0.2662473794549266,0.08009153318077804,0.2515432098765432,0.19596541786743515,0.004728132387706856,0.16572237960339944,0.004728132387706856,0.03278688524590164,0.011737089201877934,0.004739336492890996,0.18672199170124482,0.02107728337236534,0.3057324840764331,0.013824884792626729,0.004705882352941176,0.004705882352941176,0.014018691588785047,0.028037383177570093
23,_BZ2_hbMakeCodeLengths,0.015817223198594025,0.12627669452181986,0.09666080843585237,0.20418848167539266,0.07317073170731707,0.01763668430335097,0.021164021164021163,0.09353481254781944,0.09373085562589341,0.19784172661870503,0.026455026455026454,0.3073089700996678,0.024691358024691357,0.026455026455026454,0.026455026455026454,0.02821869488536155,0.031746031746031744,0.07922535211267606,0.024691358024691357,0.003527336860670194,0.13587749149246475,0.407436096049574,0.1773809523809524,1,0.07042253521126761,0.3113673805601318,0.007054673721340388,0.053553553553553554,0.21592649310872894,0.07120575071205751,0.003527336860670194,0.2718600953895072,0.007054673721340388,0.008818342151675485,0.21768707482993196,0.2702407002188184,0.09281961471103327,0.13157894736842105,0.042328042328042326,0.24975891996142718,0.09281961471103327,0.14756944444444445,0.19793459552495696,0.003527336860670194,0.27205882352941174,0.19930675909878684,0.15944540727902945,0.20611916264090177,0.07867132867132867,0.5055118110236221,0.4552238805970149,0.005291005291005291,0.4319526627218935,0.005291005291005291,0.03169014084507042,0.015873015873015872,0.003527336860670194,0.24263431542461006,0.022887323943661973,0.20634920634920634,0.031746031746031744,0.008818342151675485,0.008818342151675485,0.021164021164021163,0.02992957746478873
24,_BZ2_hbAssignCodes,0.15555555555555556,0.012687052700065062,0.30666666666666664,0.312,0.3235294117647059,0.13333333333333333,0.1276595744680851,0.007961165048543689,0.008350730688935281,0.022083805209513023,0.2727272727272727,0.12987012987012986,0.2222222222222222,0.12,0.12,0.2127659574468085,0.11320754716981132,0.359375,0.1956521739130435,0.023809523809523808,0.009985387238188018,0.0328,0.07424593967517401,0.07042253521126761,1,0.17903930131004367,0.0975609756097561,0.004117292629041976,0.08943089430894309,0.005592688582730869,0.04878048780487805,0.11382113821138211,0.022727272727272728,0.06976744186046512,0.20253164556962025,0.06722689075630252,0.2894736842105263,0.26595744680851063,0.4772727272727273,0.020246913580246915,0.2894736842105263,0.27358490566037735,0.2318840579710145,0.023809523809523808,0.11513157894736842,0.22058823529411764,0.144,0.14948453608247422,0.21333333333333335,0.09414758269720101,0.0819277108433735,0.047619047619047616,0.09135802469135802,0.047619047619047616,0.30434782608695654,0.13636363636363635,0.04878048780487805,0.18633540372670807,0.1956521739130435,0.125,0.11320754716981132,0.045454545454545456,0.045454545454545456,0.1276595744680851,0.22916666666666666
25,_BZ2_hbCreateDecodeTables,0.030042918454935622,0.04495093383982273,0.1171875,0.3803921568627451,0.15352697095435686,0.02575107296137339,0.02553191489361702,0.02986789201608271,0.025546699366441855,0.055614406779661014,0.05172413793103448,0.15721649484536082,0.04291845493562232,0.025210084033613446,0.025210084033613446,0.0425531914893617,0.024896265560165973,0.10441767068273092,0.038461538461538464,0.004347826086956522,0.05525803310613437,0.16640378548895898,0.19889502762430938,0.3113673805601318,0.17903930131004367,1,0.017467248908296942,0.02299658565977104,0.35311572700296734,0.030955952543297423,0.008733624454148471,0.4713375796178344,0.013043478260869565,0.012987012987012988,0.33568904593639576,0.34918032786885245,0.144,0.23790322580645162,0.1,0.11198815984213123,0.144,0.3076923076923077,0.38223938223938225,0.004347826086956522,0.35475578406169667,0.42168674698795183,0.3187250996015936,0.39322033898305087,0.19230769230769232,0.23107569721115537,0.22972972972972974,0.008695652173913044,0.2962962962962963,0.008695652173913044,0.06437768240343347,0.02586206896551724,0.008733624454148471,0.3298245614035088,0.05194805194805195,0.33544303797468356,0.024896265560165973,0.008620689655172414,0.008620689655172414,0.02553191489361702,0.05106382978723404
26,_BZ2_bsInitWrite,0.07142857142857142,0.0013020833333333333,0.03389830508474576,0.032520325203252036,0.08163265306122448,0.16666666666666666,0.14285714285714285,0.0007766990291262136,0.0008352474420547087,0.0022675736961451248,0.11764705882352941,0.009009009009009009,0.125,0.11764705882352941,0.11764705882352941,0.1111111111111111,0.1,0.041666666666666664,0.125,0.2,0.000974184120798831,0.0032,0.009478672985781991,0.007054673721340388,0.0975609756097561,0.017467248908296942,1,0.0004016870857601928,0.01762114537444934,0.0005456281544127677,0.2,0.017167381974248927,0.14285714285714285,0.125,0.026845637583892617,0.006734006734006734,0.05172413793103448,0.05128205128205128,0.12,0.0019753086419753087,0.05172413793103448,0.0425531914893617,0.031007751937984496,0.2,0.013422818791946308,0.032,0.0392156862745098,0.02197802197802198,0.08,0.010282776349614395,0.00980392156862745,0.4,0.00997506234413965,0.4,0.15,0.08333333333333333,0.2,0.02666666666666667,0.2857142857142857,0.02072538860103627,0.1,0.125,0.125,0.14285714285714285,0.1
27,_BZ2_compressBlock,0.0011046394858405303,0.2486823191183517,0.005724040972082747,0.012351877887125929,0.004819761020182749,0.001004217714400482,0.0012050612572805785,0.22939213931157945,0.23529904506617524,0.1684609250398724,0.001506326571600723,0.022092789716810605,0.0014059048001606748,0.001506326571600723,0.001506326571600723,0.0016067483430407712,0.0018075918859208676,0.004619401486242217,0.0014059048001606748,0.0002008435428800964,0.28087431693989073,0.12248372558838258,0.03634185303514377,0.053553553553553554,0.004117292629041976,0.02299658565977104,0.0004016870857601928,1,0.022795742116890942,0.6079799107142857,0.0002008435428800964,0.02144933346697404,0.0004016870857601928,0.000502108857200241,0.014046352964783786,0.0576325548762153,0.005320216823930937,0.007731699969876493,0.002410122514561157,0.18690570522979397,0.005320216823930937,0.00903433045573178,0.012852696053820665,0.0002008435428800964,0.0293054997992774,0.012552721430006025,0.009736023286158788,0.017970083324967374,0.004819277108433735,0.03718925421010425,0.03951062976333734,0.0003012653143201446,0.04026913034745933,0.0003012653143201446,0.0019080136573609158,0.0009037959429604338,0.0002008435428800964,0.01465569162818711,0.0014059048001606748,0.019381401887929302,0.0018075918859208676,0.000502108857200241,0.000502108857200241,0.0012050612572805785,0.0018075918859208676
28,_bsPutUInt32,0.017094017094017096,0.0361180904522613,0.04411764705882353,0.16666666666666666,0.08235294117647059,0.01282051282051282,0.012711864406779662,0.025362318840579712,0.024509803921568627,0.04186289900575615,0.03418803418803419,0.06682577565632458,0.016877637130801686,0.012552301255230125,0.012552301255230125,0.02531645569620253,0.012396694214876033,0.05405405405405406,0.012605042016806723,0.0043859649122807015,0.05425790754257907,0.17971246006389777,0.34368530020703936,0.21592649310872894,0.08943089430894309,0.35311572700296734,0.01762114537444934,0.022795742116890942,1,0.03096439776292457,0.0043859649122807015,0.22666666666666666,0.008733624454148471,0.008695652173913044,0.2090032154340836,0.3327922077922078,0.10505836575875487,0.1776061776061776,0.0546218487394958,0.11045364891518737,0.10505836575875487,0.16727272727272727,0.2669039145907473,0.0043859649122807015,0.4189189189189189,0.26618705035971224,0.3107569721115538,0.38175675675675674,0.1638655462184874,0.21739130434782608,0.1958568738229755,0.008771929824561403,0.16945996275605213,0.008771929824561403,0.0423728813559322,0.012875536480686695,0.0043859649122807015,0.27364864864864863,0.04329004329004329,0.6535433070866141,0.012396694214876033,0.008695652173913044,0.008695652173913044,0.012711864406779662,0.029411764705882353
29,_BZ2_decompress,0.0015004774246351112,0.2892551741231875,0.007637752318603383,0.016778065748192607,0.006272157076629398,0.0013640703860319193,0.001636884463238303,0.27813620071684586,0.2860780984719864,0.23021777356959286,0.002046105579047879,0.0295882192527952,0.0017730496453900709,0.002046105579047879,0.002046105579047879,0.0021825126176510706,0.002455326694857455,0.006274723775746828,0.0019096985404446869,0.00027281407720638383,0.4126729249011858,0.164472791423531,0.05096922868374678,0.07120575071205751,0.005592688582730869,0.030955952543297423,0.0005456281544127677,0.6079799107142857,0.03096439776292457,1,0.00027281407720638383,0.027857045794265525,0.0005456281544127677,0.0005455537370430987,0.018934750034055307,0.081025780930296,0.006676658945360403,0.009400544959128065,0.003273768926476606,0.26535028401406546,0.006676658945360403,0.0121319520174482,0.01745771958537916,0.00027281407720638383,0.040223616034905915,0.01691216584833606,0.013498772838832834,0.024267211997273348,0.006408508317425688,0.05062602068590093,0.05378540305010893,0.0004092211158095758,0.05383671800463405,0.0004092211158095758,0.0024549918166939444,0.0012276633474287274,0.00027281407720638383,0.020321876704855427,0.0017730496453900709,0.02632655845041604,0.002455326694857455,0.0006820351930159597,0.0006820351930159597,0.001636884463238303,0.002455326694857455
30,_BZ2_bzlibVersion,0.18181818181818182,0.0006510416666666666,0.03508771929824561,0.016260162601626018,0.04081632653061224,0.2,0.16666666666666666,0.0003883495145631068,0.00041762372102735435,0.0011337868480725624,0.13333333333333333,0.00909090909090909,0.14285714285714285,0.13333333333333333,0.13333333333333333,0.125,0.1111111111111111,0.043478260869565216,0.14285714285714285,0.3333333333333333,0.0004870920603994155,0.0016,0.004739336492890996,0.003527336860670194,0.04878048780487805,0.008733624454148471,0.2,0.0002008435428800964,0.0043859649122807015,0.00027281407720638383,1,0.008583690987124463,0.2,0.16666666666666666,0.013422818791946308,0.003367003367003367,0.03508771929824561,0.02564102564102564,0.08333333333333333,0.0009876543209876543,0.03508771929824561,0.02127659574468085,0.015503875968992248,0.3333333333333333,0.006711409395973154,0.016,0.009708737864077669,0.01098901098901099,0.0196078431372549,0.005141388174807198,0.004901960784313725,0.25,0.004987531172069825,0.25,0.10526315789473684,0.2222222222222222,1,0.013333333333333334,0.06666666666666667,0.010362694300518135,0.1111111111111111,0.16666666666666666,0.16666666666666666,0.16666666666666666,0.1111111111111111
