result,514995041,1
left,birthmark,bzip2-1.0.5,/Users/tamada/researches/2026snpd_tamada_experiments/experiments/experiment0/executables/bzip2-1.0.5,op-seq,2026-04-17T04:57:47.890829+00:00,3127708
right,birthmark,bzip2-1.0.5,/Users/tamada/researches/2026snpd_tamada_experiments/experiments/experiment0/executables/bzip2-1.0.5,op-seq,2026-04-17T04:57:47.890829+00:00,3127708
matrix,,entry,_mySIGSEGVorSIGBUScatcher,_addFlagsFromEnvVar,_snocString,_usage,_mySignalCatcher,_compress,_uncompress,_testf,_showFileNames,_cleanUpAndFail,_cadvise,_outOfMemory,_panic,_uInt64_toAscii,_configError,_crcError,_compressedStreamEOF,_OUTLINED_FUNCTION_0,_OUTLINED_FUNCTION_1,_BZ2_blockSort,_fallbackSort,_mainGtU,_BZ2_hbMakeCodeLengths,_BZ2_hbAssignCodes,_BZ2_hbCreateDecodeTables,_BZ2_bsInitWrite,_BZ2_compressBlock,_bsPutUInt32,_BZ2_decompress,_BZ2_bzlibVersion,_BZ2_bzCompressInit,_default_bzalloc,_default_bzfree,_BZ2_bzCompress,_handle_compress,_BZ2_bzCompressEnd,_BZ2_bzDecompressInit,_BZ2_indexIntoF,_BZ2_bzDecompress,_BZ2_bzDecompressEnd,_BZ2_bzWriteOpen,_BZ2_bzWrite,_BZ2_bzWriteClose,_BZ2_bzWriteClose64,_BZ2_bzReadOpen,_BZ2_bzReadClose,_BZ2_bzRead,_BZ2_bzReadGetUnused,_BZ2_bzBuffToBuffCompress,_BZ2_bzBuffToBuffDecompress,_BZ2_bzopen,_bzopen_or_bzdopen,_BZ2_bzdopen,_BZ2_bzread,_BZ2_bzwrite,_BZ2_bzflush,_BZ2_bzclose,_BZ2_bzerror,_add_pair_to_block,_ioError,_main.cold.2,_main.cold.3,_BZ2_bz__AssertH__fail
0,entry,1,0.026907000195343533,0.06340719419417173,0.02152236848934974,0.0037807646611959234,0.005364916329183789,0.5848235322259026,0.6121880697427375,0.702598657818178,0.0051874425652248535,0.12117458236997036,0.0049324118608139456,0.0073576855631134475,0.0073576855631134475,0.05159840828899964,0.006242650569982633,0.009427759405897795,0.019000174149092275,0.0066487523174538765,0.0008131376864668471,0.1373753037405714,0.2945470597505139,0.08113866482009291,0.2334395524334244,0.010626946721570829,0.12097539804886781,0.001134467000814432,0.10877231763724404,0.0505778416078031,0.05345709150388711,0.0008915737660191159,0.0917980851078467,0.001140425934846201,0.0015378397727171533,0.028517116034490697,0.20017270423275846,0.012825992871904779,0.01660443689677127,0.006986182642906402,0.3020474982732295,0.012825992871904779,0.01870627104283651,0.029833508013834553,0.0008131376864668471,0.05550489054207042,0.024277159135139947,0.024729085130236306,0.03605954905921982,0.011296504048069589,0.1325223102930585,0.17159283003258008,0.0009995414006616077,0.15767672013347134,0.0009995414006616077,0.004500005032717969,0.0028685221196583788,0.0008915737660191159,0.03862750170249851,0.0026955284538733304,0.04426367830472977,0.009427759405897795,0.0019284625115122411,0.005364916329183789,0.006003593394599993
1,_mySIGSEGVorSIGBUScatcher,0.026907000195343533,1,0.37952076613446006,0.7590466653316716,0.26431540198803405,0.3409378184235602,0.011502858546009076,0.012134661220652543,0.04907791649810156,0.3049081195675263,0.34324871011242597,0.3323610483642011,0.4258692436172399,0.4258692436172399,0.40007111853860455,0.3844901388695632,0.5000670316791329,0.7901776350294232,0.4133105092379521,0.05970617706003423,0.0019155593458441977,0.10056385675106005,0.16018497364277628,0.13172352613758076,0.42853874625270083,0.12490649214490845,0.07381177282338236,0.0015528294913034202,0.22464042686331254,0.19577670935177438,0.07240390074593284,0.2772230386776884,0.07791299545381225,0.10599920851617306,0.3850552400417767,0.10743288090842318,0.3770085962742038,0.3596116657906978,0.36903035707184917,0.06301118644249404,0.3770085962742038,0.4423872157156772,0.31978461288666293,0.05970617706003423,0.23079890244756285,0.3718041836278667,0.3176641259489733,0.3106796112733047,0.337811408851872,0.27227555210193566,0.23369642814641722,0.07251131717609871,0.2628869118022755,0.07251131717609871,0.2817011370334771,0.19504855778064956,0.07240390074593284,0.4555382182305979,0.15340652575863012,0.22701630894496105,0.5000670316791329,0.13033209107327504,0.3409378184235602,0.372232273312738
2,_addFlagsFromEnvVar,0.06340719419417173,0.37952076613446006,1,0.35797295342721147,0.08404323998976537,0.10161479704286402,0.02525207463286283,0.02728925048301467,0.10919421436244647,0.11809418184919429,0.48987699698255927,0.11762078076079563,0.12575233456782509,0.12575233456782509,0.7012820643217724,0.12567227076765863,0.14951660318211957,0.29123588950664114,0.1363154539990704,0.018903334226350044,0.0048300359054698205,0.2941831431365113,0.38574421410383464,0.36841878262835837,0.2725508525827788,0.3998892992878921,0.031308804467246265,0.0035779367313906185,0.45822822483138725,0.41257588202086404,0.02433599292723676,0.5455762263000835,0.026758955604017864,0.03882599322198654,0.5458106424512329,0.31583228085574844,0.3080425824324493,0.3730437568015802,0.18233153816564085,0.1987874129697057,0.3080425824324493,0.4331154945391924,0.46829129671789826,0.018903334226350044,0.5209289816448794,0.5007604091531713,0.41671516048225765,0.4938108799606902,0.2642759003742242,0.559898783230378,0.44151985594541554,0.025522745381388212,0.45398690057393765,0.025522745381388212,0.11906868176033014,0.06877278519292851,0.02433599292723676,0.5122562875968697,0.08200701794235454,0.4311576736522901,0.14951660318211957,0.04594190883342164,0.10161479704286402,0.13236045453800016
3,_snocString,0.02152236848934974,0.7590466653316716,0.35797295342721147,1,0.29386250068219844,0.36191780097416093,0.0092142172575439,0.009721278177262649,0.03964600297607712,0.3205844133772291,0.27921278181398657,0.362054425272756,0.4486226329275258,0.4486226329275258,0.3863186662922048,0.4050941092220455,0.5221173836106452,0.7634859763758425,0.4171517532958503,0.07925698924688374,0.0015057253216630428,0.08952628163070253,0.16240127685676164,0.11739290046431128,0.45199541358936235,0.1272026716291017,0.09359757443742989,0.0012472228637182559,0.2362637949527817,0.21004209911365868,0.07925698924688374,0.2614350385278049,0.1021245977199643,0.1420317051567218,0.4308543678727703,0.10453971508537063,0.4193145391804426,0.41632163729197724,0.38402773028767934,0.06025032470469416,0.4193145391804426,0.5432219035193622,0.3779414009449611,0.07925698924688374,0.2578609277637286,0.4518600543870216,0.36017221521509724,0.360286095328867,0.43249712123362705,0.233208223823975,0.1941328157063441,0.09518897355763312,0.22453651594169977,0.09518897355763312,0.32595323684250843,0.22030856276009514,0.07925698924688374,0.4519913751074598,0.18628306693625285,0.24713681621448214,0.5221173836106452,0.17691151331988075,0.36191780097416093,0.41287502635237083
4,_usage,0.0037807646611959234,0.26431540198803405,0.08404323998976537,0.29386250068219844,1,0.8025469509178665,0.0015871843830025378,0.0016751971875994531,0.007035693174622604,0.634225295294389,0.057631882881649776,0.7340841592506012,0.6570357860010545,0.6570357860010545,0.09431548784842136,0.7417639936750071,0.5502953846534652,0.34337666569706593,0.6870333480744863,0.3204616905274479,0.00025625634634141026,0.016590231369883468,0.03586394976894014,0.02273353688139479,0.32442611376077424,0.026280775822025038,0.30901699437494745,0.0002124642650875863,0.05721949236844459,0.05082841516790437,0.36435011619153723,0.05279288493068046,0.34447596332676844,0.38761337731175904,0.12690436877912414,0.019692216805469065,0.2172720107540338,0.16245293183001053,0.45677636148150746,0.011490558257133188,0.2172720107540338,0.18483535180748267,0.09943617686437878,0.3204616905274479,0.057216685407059376,0.12869663805619802,0.11471549300574924,0.09020465875033612,0.2051236651134899,0.047601570832740636,0.037224800021680826,0.37574681510650565,0.043629479269242766,0.37574681510650565,0.6030978052856559,0.6148296117852735,0.36435011619153723,0.12616461160683679,0.4022161352507615,0.061904277391416795,0.5502953846534652,0.5027471669973729,0.8025469509178665,0.7486840210547169
5,_mySignalCatcher,0.005364916329183789,0.3409378184235602,0.10161479704286402,0.36191780097416093,0.8025469509178665,1,0.0023274104047043,0.0024409219215846267,0.010022276750919823,0.6265985772644386,0.08108648181301548,0.7069602397004671,0.8306867049815754,0.8306867049815754,0.11483265900459216,0.835222710216904,0.7067166683715433,0.44477704336235035,0.7593426953166605,0.25166852264521167,0.00036956909198171406,0.02126935624952686,0.04290678740705811,0.029037891331903487,0.340773262423986,0.03129539951988958,0.2612038749637414,0.00031203566236182034,0.06862485119554163,0.06080065974752402,0.2788897449072022,0.07203526488725254,0.28466372787299954,0.3293955346643598,0.1441862982837584,0.025458022868826702,0.24083221556810475,0.1859062329720057,0.44780409082612294,0.01417802361399978,0.24083221556810475,0.20614613159438522,0.1160108454433958,0.25166852264521167,0.06743807932211754,0.1481630573656776,0.13309303968844588,0.1046520686303517,0.2300955337660201,0.06262597357571609,0.05214828851786124,0.29676286505523675,0.06108412215723147,0.29676286505523675,0.5679574439879402,0.5405231786569591,0.2788897449072022,0.15956019336963467,0.37367627474946075,0.07386620938408528,0.7067166683715433,0.42094338220075955,1,0.7726195647677945
6,_compress,0.5848235322259026,0.011502858546009076,0.02525207463286283,0.0092142172575439,0.0015871843830025378,0.0023274104047043,1,0.9596305039694046,0.3780892384384563,0.00204675537717669,0.053713606020182936,0.0020214066997812363,0.0032425957919083315,0.0032425957919083315,0.020889496966529086,0.0026232316157530633,0.004192611043471239,0.008249316130250817,0.0027998665322387373,0.00034720138661448186,0.28332355414058064,0.13337561398309494,0.035715882404457444,0.1043897656626912,0.003947165725130541,0.05323340384392261,0.0004854036044434906,0.23848498648450078,0.021609634251251952,0.02377100330122328,0.0003549106966438398,0.04191617502210021,0.0004890825076945271,0.0006507998774949453,0.011611936683723179,0.0957009247862034,0.005277982464571784,0.006849457145453597,0.0026054388338753176,0.15190777217599438,0.005277982464571784,0.00751014983899434,0.012604071430887154,0.00034720138661448186,0.023732200184125918,0.009950124380150971,0.010583844084594562,0.015185145251930043,0.004781985336426264,0.05629788680216985,0.07651031850209666,0.00042574790069016544,0.07199111371272982,0.00042574790069016544,0.001800818819513994,0.0011477451101986613,0.0003549106966438398,0.016577282430503493,0.0011442788112526747,0.019365374127079837,0.004192611043471239,0.0008183833572291688,0.0023274104047043,0.002478223937503854
7,_uncompress,0.6121880697427375,0.012134661220652543,0.02728925048301467,0.009721278177262649,0.0016751971875994531,0.0024409219215846267,0.9596305039694046,1,0.3954094488491099,0.0022018359190618675,0.056622597961251464,0.002143730480486661,0.0033914194392121733,0.0033914194392121733,0.022456198322544196,0.0027730366426994557,0.004378435204546283,0.00867515537285446,0.002951013937889213,0.00036580788205886616,0.27494416763135676,0.142924247297879,0.03788919221814746,0.11137734334519755,0.004317166081461266,0.05696479737326943,0.0005127625720385831,0.22845278212238895,0.02304218233238986,0.025123512263906633,0.00037785276986856964,0.04397391069681167,0.000514823409372589,0.0006882357781808901,0.012436088071194562,0.10098173378421915,0.005624741302292291,0.007317807089803674,0.0028361075388476653,0.16133594181670108,0.005624741302292291,0.00806272515166484,0.013425014069662011,0.00036580788205886616,0.025309844958953942,0.010666746932242122,0.011229118624354606,0.01619036650500094,0.005079269996347002,0.06015694313524356,0.08093501073930853,0.0004499320322555178,0.07557815115413791,0.0004499320322555178,0.0019289793899351926,0.0012285238694618172,0.00037785276986856964,0.01758180719633129,0.0012122273309320697,0.02049766622175786,0.004378435204546283,0.000863740586542594,0.0024409219215846267,0.002630455411805954
8,_testf,0.702598657818178,0.04907791649810156,0.10919421436244647,0.03964600297607712,0.007035693174622604,0.010022276750919823,0.3780892384384563,0.3954094488491099,1,0.009308005940145803,0.2112327564837061,0.009117541943353569,0.01375592423172245,0.01375592423172245,0.08987646327218113,0.011527204244793698,0.017621596375973048,0.035045116189018954,0.012317343797700664,0.0014991776562098824,0.0768391354387824,0.43871415491620747,0.13585858685175978,0.36616080255716643,0.018582869732506113,0.19403550410657333,0.002107879792202283,0.06161986770395966,0.08770198337090784,0.09346472704858955,0.001624624287678622,0.16202129417562094,0.0020953433540380484,0.0028358635686044353,0.05129050406862323,0.31501825056328836,0.02341992932965853,0.030125872533218412,0.012337742480887592,0.4102216773887435,0.02341992932965853,0.03387019074601649,0.05373477393269377,0.0014991776562098824,0.09698397146817761,0.043732172729255,0.04493890915259535,0.06456951092701724,0.020836823842263374,0.22436145038606048,0.29102802093311764,0.0018624896662641222,0.27331020717904964,0.0018624896662641222,0.008264874248294252,0.005218062168667492,0.001624624287678622,0.06963503101364821,0.005033300678548125,0.07800930218178026,0.017621596375973048,0.0035618107295745105,0.010022276750919823,0.01106772710121362
9,_showFileNames,0.0051874425652248535,0.3049081195675263,0.11809418184919429,0.3205844133772291,0.634225295294389,0.6265985772644386,0.00204675537717669,0.0022018359190618675,0.009308005940145803,1,0.07609764674583164,0.6646645379986185,0.5626706934046567,0.5626706934046567,0.1303946032482658,0.6961419190655196,0.49589896412040557,0.3837550284609872,0.6114537099234484,0.2357900766327069,0.0003758881565869565,0.02415321211830479,0.045847560367086704,0.030574869074812994,0.5017912499512474,0.03347930662173426,0.2708131845707603,0.0002800149123207696,0.07375610477925143,0.058732291768160305,0.2946661793642723,0.06365404925594731,0.2708131845707603,0.36507623307909454,0.1547877140611854,0.02472239006866417,0.2625207952709696,0.19968004874402734,0.6021922524897403,0.014968968544955219,0.2625207952709696,0.22547517239671366,0.12526794954326348,0.2357900766327069,0.07273504546570997,0.16398072065005687,0.13616790804606393,0.11025497796010919,0.25217245866902405,0.06893548872552047,0.05224411301259324,0.2835654011859956,0.054265906516427154,0.2835654011859956,0.6460566826899253,0.6365945619875063,0.2946661793642723,0.16149938321695856,0.3962866467222588,0.07333643961345171,0.49589896412040557,0.37056331761553873,0.6265985772644386,0.6816942671462833
10,_cleanUpAndFail,0.12117458236997036,0.34324871011242597,0.48987699698255927,0.27921278181398657,0.057631882881649776,0.08108648181301548,0.053713606020182936,0.056622597961251464,0.2112327564837061,0.07609764674583164,1,0.07312671177224939,0.10971982106908296,0.10971982106908296,0.4369652716317889,0.09296582011336019,0.13837786980660138,0.2592381676202471,0.09727767004677879,0.012825053663397479,0.00942235914407119,0.35800852129912675,0.322428108692725,0.41773124671700235,0.14001949989427576,0.31472029781197086,0.0173742479534138,0.007472298661465149,0.33308796792227824,0.3099460713890314,0.013491088786786176,0.5506395972226411,0.01766862355979404,0.02394856929203193,0.27877358148327236,0.34383331119940796,0.16207101522225775,0.19281916781224928,0.09611585595210181,0.2177661269826182,0.16207101522225775,0.2140281058914949,0.2771829726358239,0.012825053663397479,0.34192815293117473,0.25148064488190847,0.24739994702910095,0.30396480007133864,0.14494163006409666,0.7001378045884915,0.7481405078044148,0.01590498459141454,0.7710713631546593,0.01590498459141454,0.06697689830365083,0.04339810885097872,0.013491088786786176,0.4003889667425009,0.04064689517062048,0.30476171663049056,0.13837786980660138,0.030183735554002222,0.08108648181301548,0.08931701561548167
11,_cadvise,0.0049324118608139456,0.3323610483642011,0.11762078076079563,0.362054425272756,0.7340841592506012,0.7069602397004671,0.0020214066997812363,0.002143730480486661,0.009117541943353569,0.6646645379986185,0.07312671177224939,1,0.6211128560119932,0.6211128560119932,0.13147201299051847,0.7499217894246828,0.5423288088633964,0.4072872171983287,0.7927547380914427,0.2306058261114572,0.00033041988671644873,0.022727755089135493,0.04898228692426154,0.03114533600432623,0.4422441759134069,0.03581176436113731,0.26510341124076875,0.00026973108047667615,0.07450857051950344,0.06533763195124187,0.32718431277568216,0.06870600785443359,0.26510341124076875,0.368029524490168,0.18024769387806083,0.02573722112299892,0.28836794262784715,0.2132716814751312,0.6057766633861218,0.0159419772592716,0.28836794262784715,0.2628349123716567,0.13725321015320924,0.2306058261114572,0.07945169934506302,0.17801359717785903,0.14940908721261947,0.12493752808018788,0.2737559836712159,0.06468165851161467,0.048336896481899094,0.2725146271947043,0.056070156901844914,0.2725146271947043,0.6794019007175187,0.5915022150384623,0.32718431277568216,0.15868212951672478,0.3751785950274993,0.08026029529447487,0.5423288088633964,0.3584286845676543,0.7069602397004671,0.7324345318901452
12,_outOfMemory,0.0073576855631134475,0.4258692436172399,0.12575233456782509,0.4486226329275258,0.6570357860010545,0.8306867049815754,0.0032425957919083315,0.0033914194392121733,0.01375592423172245,0.5626706934046567,0.10971982106908296,0.6211128560119932,1,1,0.14200641687864834,0.7861812526274221,0.8695523550459119,0.5535944227334153,0.7257324085362635,0.20332550311868713,0.0005125089063611199,0.027657666346824206,0.053818797184643885,0.037470203921344036,0.35431580172725685,0.039139919779446974,0.20942771453851883,0.00043491535339901244,0.08588786702886564,0.0762002465608359,0.20332550311868713,0.09587091702060824,0.23767161214935584,0.2792499213700558,0.17027600216925098,0.03332165849187474,0.269842247937076,0.21702906688624213,0.4255184659258603,0.018031518969640725,0.269842247937076,0.2385005603510426,0.14148735269730728,0.20332550311868713,0.08379537172916252,0.17785437365110923,0.15985063930282883,0.12792301715703724,0.2604787805956261,0.08167809032663609,0.07046182452102301,0.23818624914369135,0.08255432968828669,0.23818624914369135,0.507404438113705,0.4478422202284327,0.20332550311868713,0.20116626682754213,0.3312756976852409,0.0919074836816477,0.8695523550459119,0.3758472891399033,0.8306867049815754,0.7297698217000457
13,_panic,0.0073576855631134475,0.4258692436172399,0.12575233456782509,0.4486226329275258,0.6570357860010545,0.8306867049815754,0.0032425957919083315,0.0033914194392121733,0.01375592423172245,0.5626706934046567,0.10971982106908296,0.6211128560119932,1,1,0.14200641687864834,0.7861812526274221,0.8695523550459119,0.5535944227334153,0.7257324085362635,0.20332550311868713,0.0005125089063611199,0.027657666346824206,0.053818797184643885,0.037470203921344036,0.35431580172725685,0.039139919779446974,0.20942771453851883,0.00043491535339901244,0.08588786702886564,0.0762002465608359,0.20332550311868713,0.09587091702060824,0.23767161214935584,0.2792499213700558,0.17027600216925098,0.03332165849187474,0.269842247937076,0.21702906688624213,0.4255184659258603,0.018031518969640725,0.269842247937076,0.2385005603510426,0.14148735269730728,0.20332550311868713,0.08379537172916252,0.17785437365110923,0.15985063930282883,0.12792301715703724,0.2604787805956261,0.08167809032663609,0.07046182452102301,0.23818624914369135,0.08255432968828669,0.23818624914369135,0.507404438113705,0.4478422202284327,0.20332550311868713,0.20116626682754213,0.3312756976852409,0.0919074836816477,0.8695523550459119,0.3758472891399033,0.8306867049815754,0.7297698217000457
14,_uInt64_toAscii,0.05159840828899964,0.40007111853860455,0.7012820643217724,0.3863186662922048,0.09431548784842136,0.11483265900459216,0.020889496966529086,0.022456198322544196,0.08987646327218113,0.1303946032482658,0.4369652716317889,0.13147201299051847,0.14200641687864834,0.14200641687864834,1,0.1388719529292447,0.16836734656819974,0.3134165780942808,0.15303005303031547,0.02210260048762036,0.0039173998459783865,0.253108325103958,0.392489204789067,0.3205194219842219,0.29170031178413725,0.37319367771825707,0.04078849843187593,0.0029855349909291284,0.5099772079418399,0.43872047581606877,0.028338948715804557,0.4658469113622177,0.03386958434880283,0.04476440448048158,0.5042542388517588,0.27239238491764006,0.30853912566058395,0.3924862066282313,0.20709309086626004,0.1741000466487258,0.30853912566058395,0.44599100541048675,0.4975949811128081,0.02210260048762036,0.4865110675360157,0.5017135458200235,0.4440993504684284,0.5083808541094483,0.3056440484244499,0.4803095649435625,0.3857234094495816,0.029810985843699345,0.39102525850469005,0.029810985843699345,0.13771127103827596,0.07673069513664188,0.028338948715804557,0.5224154919153847,0.09672456640878879,0.48013425766292084,0.16836734656819974,0.051256415650525855,0.11483265900459216,0.14510735670935493
15,_configError,0.006242650569982633,0.3844901388695632,0.12567227076765863,0.4050941092220455,0.7417639936750071,0.835222710216904,0.0026232316157530633,0.0027730366426994557,0.011527204244793698,0.6961419190655196,0.09296582011336019,0.7499217894246828,0.7861812526274221,0.7861812526274221,0.1388719529292447,1,0.6951931046978432,0.48731688364444437,0.7974494493790454,0.21919572940512477,0.0004329421943874978,0.026186388376152503,0.050213626499292285,0.034889287448004125,0.43729987814325966,0.036940197106331896,0.23582845781093997,0.0003524036871381808,0.08032949835136893,0.06780769459454816,0.2614330998963238,0.0804812920087179,0.2542449362325032,0.315728541490348,0.17381628094175194,0.029232791117894785,0.2743838126553506,0.21499965182811032,0.5448628643807478,0.01685852441917801,0.2743838126553506,0.24749085248641223,0.136436134999393,0.21919572940512477,0.08003791100242919,0.17786986659925585,0.1500922253251311,0.12337710603402674,0.26036146778781,0.07553912003068974,0.060645313221437847,0.2593550529230434,0.0693524775063944,0.2593550529230434,0.6131401974831584,0.5550947906822545,0.2614330998963238,0.18064472550992616,0.3544891634191919,0.08315837093087175,0.6951931046978432,0.379143042354128,0.835222710216904,0.8153150351378485
16,_crcError,0.009427759405897795,0.5000670316791329,0.14951660318211957,0.5221173836106452,0.5502953846534652,0.7067166683715433,0.004192611043471239,0.004378435204546283,0.017621596375973048,0.49589896412040557,0.13837786980660138,0.5423288088633964,0.8695523550459119,0.8695523550459119,0.16836734656819974,0.6951931046978432,1,0.6431891931316751,0.6585089622806835,0.16724930548302308,0.0006616438622769616,0.034312902007910706,0.06513351294571179,0.04620720965313607,0.357466753268495,0.04737483946718968,0.17253779651421453,0.000562667575175313,0.1032565044866236,0.09184619673170813,0.15739392463172952,0.11975086257780598,0.19997514953685291,0.23779821615442298,0.19477223757495654,0.04148990699145361,0.29167489945265446,0.2432504731967302,0.3980295407026333,0.022092742180933045,0.29167489945265446,0.26611886900151105,0.16581829463176745,0.16724930548302308,0.10034062857331516,0.2050500354725867,0.1848535982123084,0.1505824957537799,0.28296731598202796,0.1009469254237757,0.0890492293762214,0.19545533413759075,0.10426654108556588,0.19545533413759075,0.4490491724598058,0.3754200518211982,0.15739392463172952,0.24009979151621208,0.2928546974687053,0.10997572768139607,1,0.32909351362357264,0.7067166683715433,0.654522006989122
17,_compressedStreamEOF,0.019000174149092275,0.7901776350294232,0.29123588950664114,0.7634859763758425,0.34337666569706593,0.44477704336235035,0.008249316130250817,0.00867515537285446,0.035045116189018954,0.3837550284609872,0.2592381676202471,0.4072872171983287,0.5535944227334153,0.5535944227334153,0.3134165780942808,0.48731688364444437,0.6431891931316751,1,0.49523356858976086,0.08431814841078156,0.0013492709589713048,0.07272611495507586,0.12632943677013386,0.09469443320587378,0.44996091594486654,0.0954759692726268,0.10245806914542976,0.001116772195329463,0.1897694044855207,0.16563757891647712,0.0898013225704084,0.21932678182960963,0.10773777336952806,0.1491266608473012,0.344207121957242,0.08335853960645301,0.4091779071722773,0.3521613972689013,0.40199151966648483,0.04653256277551798,0.4091779071722773,0.4166479478563643,0.29902121225715494,0.08431814841078156,0.19995141597523725,0.3480391868665502,0.3106168611415636,0.2766611460057914,0.38391683547673794,0.20503898143785626,0.17616844251918362,0.10540236569896133,0.19828270171181117,0.10540236569896133,0.3595662077608103,0.2521650539900807,0.0898013225704084,0.4238117211575042,0.2132677115143886,0.1963278069249943,0.6431891931316751,0.18538590800584553,0.44477704336235035,0.47531671345589155
18,_OUTLINED_FUNCTION_0,0.0066487523174538765,0.4133105092379521,0.1363154539990704,0.4171517532958503,0.6870333480744863,0.7593426953166605,0.0027998665322387373,0.002951013937889213,0.012317343797700664,0.6114537099234484,0.09727767004677879,0.7927547380914427,0.7257324085362635,0.7257324085362635,0.15303005303031547,0.7974494493790454,0.6585089622806835,0.49523356858976086,1,0.17409993529524415,0.00045065418265910484,0.02767127057407648,0.055974587830394995,0.038494412173088244,0.43488510999842456,0.041490518000561694,0.21089672205953391,0.00037352430778403445,0.08530061442064452,0.07558846114760898,0.25448401732747095,0.08734147533264724,0.21089672205953391,0.25463666914563343,0.18453045641181098,0.03134470526066235,0.28943183786031645,0.22904910814025814,0.5810914239165537,0.018737585921284716,0.28943183786031645,0.2648825984541653,0.14202380658070812,0.17409993529524415,0.08405630549779342,0.18420965479922446,0.15808238527253404,0.1305271333688942,0.2595825049335695,0.07852375653794763,0.06284536299882959,0.21000313821535,0.07380225378925953,0.21000313821535,0.5712819245487382,0.48446337779155724,0.25448401732747095,0.18364414482498403,0.3326582691833131,0.09171684800648716,0.6585089622806835,0.3009373440843487,0.7593426953166605,0.737715508089904
19,_OUTLINED_FUNCTION_1,0.0008131376864668471,0.05970617706003423,0.018903334226350044,0.07925698924688374,0.3204616905274479,0.25166852264521167,0.00034720138661448186,0.00036580788205886616,0.0014991776562098824,0.2357900766327069,0.012825053663397479,0.2306058261114572,0.20332550311868713,0.20332550311868713,0.02210260048762036,0.21919572940512477,0.16724930548302308,0.08431814841078156,0.17409993529524415,1,0.00005921212630344286,0.0036387360205270003,0.009332189540838365,0.004691108200208127,0.09657969325936255,0.006481704869358174,0.41421356237309503,0.000046543840111046286,0.01615682476141167,0.014084245346169477,0.5,0.012524393311529547,0.5857864376269049,0.5733828095654676,0.03591745147424541,0.0045596999661154936,0.0650784944059003,0.049803812750244925,0.13507810593582126,0.002530078805467184,0.0650784944059003,0.05556719004351951,0.028536569673199508,1,0.015228720137353102,0.03785852081224106,0.033312871405168365,0.025569126632395633,0.07462634915296851,0.010793248045465775,0.008168781004437409,0.6821627548042177,0.009290494156684481,0.6821627548042177,0.24044453606092742,0.36586292400589837,0.5,0.031056995322343295,0.23166247903553994,0.017159825972285492,0.16724930548302308,0.527342130341413,0.25166852264521167,0.2283875166123801
20,_BZ2_blockSort,0.1373753037405714,0.0019155593458441977,0.0048300359054698205,0.0015057253216630428,0.00025625634634141026,0.00036956909198171406,0.28332355414058064,0.27494416763135676,0.0768391354387824,0.0003758881565869565,0.00942235914407119,0.00033041988671644873,0.0005125089063611199,0.0005125089063611199,0.0039173998459783865,0.0004329421943874978,0.0006616438622769616,0.0013492709589713048,0.00045065418265910484,0.00005921212630344286,1,0.027322030873458636,0.0065572485088090104,0.020203319718752333,0.0007853319115369573,0.010420107427367653,0.00008469113286868613,0.7957415942928738,0.004069677948881356,0.004269540172441966,0.00006076716831349138,0.007103595550643549,0.0000840029386838248,0.00011099409479409239,0.002038472794827606,0.01783672850602347,0.0009216214721320393,0.001230523876701639,0.0005001314714597749,0.03138876417264913,0.0009216214721320393,0.0013235968836712297,0.002214979929025529,0.00005921212630344286,0.004266044977952688,0.0017867683173453663,0.0018539563828466887,0.002667804564057019,0.0008307166288681334,0.010583013124565444,0.013903475927548259,0.00007284139743179985,0.01233364174979834,0.00007284139743179985,0.0003133982648491074,0.00020120980896132235,0.00006076716831349138,0.002911707775554384,0.0001990749089447741,0.003479743055466722,0.0006616438622769616,0.00013910048377563378,0.00036956909198171406,0.00041420711005257793
21,_fallbackSort,0.2945470597505139,0.10056385675106005,0.2941831431365113,0.08952628163070253,0.016590231369883468,0.02126935624952686,0.13337561398309494,0.142924247297879,0.43871415491620747,0.02415321211830479,0.35800852129912675,0.022727755089135493,0.027657666346824206,0.027657666346824206,0.253108325103958,0.026186388376152503,0.034312902007910706,0.07272611495507586,0.02767127057407648,0.0036387360205270003,0.027322030873458636,1,0.3943308837793159,0.7642566066782708,0.058628883843103496,0.5560263121938487,0.007073591342711905,0.02076897332104588,0.28413015739056147,0.2931583685166568,0.004282135462088554,0.32219689066631396,0.005730124759522615,0.007415468447366513,0.1626207697745119,0.6520398463392115,0.06963974916154358,0.09432041977314531,0.038150170289546925,0.6824111516997126,0.06963974916154358,0.10728728697441103,0.17838269761392078,0.0036387360205270003,0.30493975808680207,0.1442946315165664,0.15273292466010913,0.20941356917400578,0.0710183773671147,0.4876929356399715,0.5171372165898631,0.00541301948452011,0.45332734786874473,0.00541301948452011,0.02496632326154835,0.012980317058411739,0.004282135462088554,0.1877912710843911,0.01749490864523595,0.2551476612143274,0.034312902007910706,0.008919941796952102,0.02126935624952686,0.027386156954896435
22,_mainGtU,0.08113866482009291,0.16018497364277628,0.38574421410383464,0.16240127685676164,0.03586394976894014,0.04290678740705811,0.035715882404457444,0.03788919221814746,0.13585858685175978,0.045847560367086704,0.322428108692725,0.04898228692426154,0.053818797184643885,0.053818797184643885,0.392489204789067,0.050213626499292285,0.06513351294571179,0.12632943677013386,0.055974587830394995,0.009332189540838365,0.0065572485088090104,0.3943308837793159,1,0.4317043546752398,0.11474157339779911,0.5805235363152121,0.01987595576683099,0.005472917177861025,0.5915304845082677,0.6057508845698845,0.010203489454754244,0.3591512043461953,0.013780056652958783,0.018599598606241052,0.3430889809818549,0.4807098542834748,0.16622072213229366,0.19422093744444247,0.07844695478260388,0.3576886068388768,0.16622072213229366,0.21539198946812277,0.3916815737809287,0.009332189540838365,0.5693853371418853,0.2898175799703455,0.37861931782358627,0.4375037042300942,0.17932035293816606,0.45765886627194163,0.3923191586286381,0.013810683120480616,0.3687272733772643,0.013810683120480616,0.0577208056754982,0.02472422057133028,0.010203489454754244,0.36699197416248264,0.04853367090696448,0.5834756133692396,0.06513351294571179,0.02381853167834347,0.04290678740705811,0.05790868881618905
23,_BZ2_hbMakeCodeLengths,0.2334395524334244,0.13172352613758076,0.36841878262835837,0.11739290046431128,0.02273353688139479,0.029037891331903487,0.1043897656626912,0.11137734334519755,0.36616080255716643,0.030574869074812994,0.41773124671700235,0.03114533600432623,0.037470203921344036,0.037470203921344036,0.3205194219842219,0.034889287448004125,0.04620720965313607,0.09469443320587378,0.038494412173088244,0.004691108200208127,0.020203319718752333,0.7642566066782708,0.4317043546752398,1,0.07248498380032364,0.6044234722877926,0.008779399728288673,0.015761829591214083,0.3221275339297135,0.3314190601844763,0.00596656374504545,0.4131235977521953,0.007354161045303731,0.009259105868739459,0.20426845265782068,0.6561209322718187,0.09453222147125473,0.12433782448722219,0.049144243309235836,0.5822453145167366,0.09453222147125473,0.1352237572477446,0.20857047766827008,0.004691108200208127,0.34665570065212137,0.17596106576135595,0.1807847481382856,0.24353379608958348,0.08514792934957616,0.5353747809228444,0.5571339157913098,0.006671945212824215,0.5257050628408921,0.006671945212824215,0.03228108023883769,0.017274738464354344,0.00596656374504545,0.2230795194852334,0.023404002325884687,0.29539670673919793,0.04620720965313607,0.01161833146753688,0.029037891331903487,0.03633341520294575
24,_BZ2_hbAssignCodes,0.010626946721570829,0.42853874625270083,0.2725508525827788,0.45199541358936235,0.32442611376077424,0.340773262423986,0.003947165725130541,0.004317166081461266,0.018582869732506113,0.5017912499512474,0.14001949989427576,0.4422441759134069,0.35431580172725685,0.35431580172725685,0.29170031178413725,0.43729987814325966,0.357466753268495,0.44996091594486654,0.43488510999842456,0.09657969325936255,0.0007853319115369573,0.058628883843103496,0.11474157339779911,0.07248498380032364,1,0.08897757243330584,0.15651468115594136,0.0005525529992063127,0.18304524465903915,0.1442365995840139,0.13346968282648086,0.13298193551017945,0.12638076212467675,0.19328217399536107,0.3445506683466052,0.060450058554334496,0.42384664811140016,0.4005520341902028,0.685875269674207,0.03788627642264064,0.42384664811140016,0.4720513061614051,0.29354922416067064,0.09657969325936255,0.17981608763264745,0.3785190170476046,0.2948979110110872,0.25952868366333415,0.4507864387613518,0.14913129627815402,0.10613557488867753,0.12849590973644776,0.10583899767546678,0.12849590973644776,0.48291566657355245,0.321564615175595,0.13346968282648086,0.31034730601245597,0.29631123630302103,0.17755057040904576,0.357466753268495,0.1846221443088213,0.340773262423986,0.4548665764012212
25,_BZ2_hbCreateDecodeTables,0.12097539804886781,0.12490649214490845,0.3998892992878921,0.1272026716291017,0.026280775822025038,0.03129539951988958,0.05323340384392261,0.05696479737326943,0.19403550410657333,0.03347930662173426,0.31472029781197086,0.03581176436113731,0.039139919779446974,0.039139919779446974,0.37319367771825707,0.036940197106331896,0.04737483946718968,0.0954759692726268,0.041490518000561694,0.006481704869358174,0.010420107427367653,0.5560263121938487,0.5805235363152121,0.6044234722877926,0.08897757243330584,1,0.01523728886369402,0.00833871287812371,0.5043137125638864,0.5549940461291132,0.007373897280259389,0.4299908636317922,0.009757925313542803,0.012592829760998292,0.2792047070260908,0.7053271477385598,0.12000671188121803,0.17601597052405982,0.05863298677870776,0.5105394515854949,0.12000671188121803,0.1926608629444836,0.32779534999495596,0.006481704869358174,0.5207194667958128,0.2658899975958928,0.2955587881975996,0.37564175853110626,0.14017040633604683,0.47751177438745074,0.4361004438622996,0.010660845114528694,0.41242357900805926,0.010660845114528694,0.04206219849919812,0.018107875137073903,0.007373897280259389,0.29549760392929314,0.036177423838874456,0.48033667014110826,0.04737483946718968,0.015903248396724856,0.03129539951988958,0.04195031546257122
26,_BZ2_bsInitWrite,0.001134467000814432,0.07381177282338236,0.031308804467246265,0.09359757443742989,0.30901699437494745,0.2612038749637414,0.0004854036044434906,0.0005127625720385831,0.002107879792202283,0.2708131845707603,0.0173742479534138,0.26510341124076875,0.20942771453851883,0.20942771453851883,0.04078849843187593,0.23582845781093997,0.17253779651421453,0.10245806914542976,0.21089672205953391,0.41421356237309503,0.00008469113286868613,0.007073591342711905,0.01987595576683099,0.008779399728288673,0.15651468115594136,0.01523728886369402,1,0.00007073746322094898,0.03984779360120527,0.03535630202522633,0.41421356237309503,0.023929983161793178,0.38762756430420553,0.43050087404306037,0.059319029453758665,0.01034571683133989,0.0971431522459425,0.10686539942704365,0.20113494410419064,0.005627701001740593,0.0971431522459425,0.09949822259201713,0.06193957564445551,0.41421356237309503,0.03170803581894033,0.078456328497714,0.07255467184029196,0.052799315761139054,0.16394060518578912,0.018437865116761376,0.013831194206375463,0.5358983848622454,0.014640614805187635,0.5358983848622454,0.34359524346885384,0.3218345439752258,0.41421356237309503,0.060327109978300375,0.4407436665979799,0.042263397879171105,0.17253779651421453,0.3218345439752258,0.2612038749637414,0.24470503915746744
27,_BZ2_compressBlock,0.10877231763724404,0.0015528294913034202,0.0035779367313906185,0.0012472228637182559,0.0002124642650875863,0.00031203566236182034,0.23848498648450078,0.22845278212238895,0.06161986770395966,0.0002800149123207696,0.007472298661465149,0.00026973108047667615,0.00043491535339901244,0.00043491535339901244,0.0029855349909291284,0.0003524036871381808,0.000562667575175313,0.001116772195329463,0.00037352430778403445,0.000046543840111046286,0.7957415942928738,0.02076897332104588,0.005472917177861025,0.015761829591214083,0.0005525529992063127,0.00833871287812371,0.00007073746322094898,1,0.0033032773219697775,0.0036421092726653947,0.00004700646620670046,0.005927420531906202,0.00006631772865173247,0.00008771345285896182,0.0016465108792534933,0.014887494270584223,0.0007363984943339341,0.0009722115921352303,0.000359445733157715,0.025540106905981408,0.0007363984943339341,0.0010499994179937744,0.001848093170750853,0.000046543840111046286,0.0035369635614505013,0.0014317874684018905,0.0015722065236011273,0.0022204418238710444,0.0006953936473969025,0.008078739032658433,0.010947416565794565,0.0000589300574739271,0.010136471870977659,0.0000589300574739271,0.00024920087500490684,0.00015329539595609898,0.00004700646620670046,0.002383819001763654,0.00016681707676136082,0.0029542790907058913,0.000562667575175313,0.00011042420989970658,0.00031203566236182034,0.0003349789661800662
28,_bsPutUInt32,0.0505778416078031,0.22464042686331254,0.45822822483138725,0.2362637949527817,0.05721949236844459,0.06862485119554163,0.021609634251251952,0.02304218233238986,0.08770198337090784,0.07375610477925143,0.33308796792227824,0.07450857051950344,0.08588786702886564,0.08588786702886564,0.5099772079418399,0.08032949835136893,0.1032565044866236,0.1897694044855207,0.08530061442064452,0.01615682476141167,0.004069677948881356,0.28413015739056147,0.5915304845082677,0.3221275339297135,0.18304524465903915,0.5043137125638864,0.03984779360120527,0.0033032773219697775,1,0.8201319456111265,0.01615682476141167,0.4157258966517712,0.023092730811517304,0.03065799895822674,0.4409225392976581,0.374779918143362,0.2385234368575173,0.3355020211353791,0.12429045363645141,0.23473589226243796,0.2385234368575173,0.3399095891898736,0.588243605198004,0.01615682476141167,0.6570058195188262,0.4626029695683881,0.5770167101030905,0.6208421431683855,0.31406097064302885,0.451558670917229,0.3714649168709191,0.025882387159089082,0.34409403704098684,0.025882387159089082,0.09591974830655736,0.03962036864235152,0.01615682476141167,0.5442813413086005,0.08709816026619965,0.8631539421400024,0.1032565044866236,0.03949019180253188,0.06862485119554163,0.0909310532333143
29,_BZ2_decompress,0.05345709150388711,0.19577670935177438,0.41257588202086404,0.21004209911365868,0.05082841516790437,0.06080065974752402,0.02377100330122328,0.025123512263906633,0.09346472704858955,0.058732291768160305,0.3099460713890314,0.06533763195124187,0.0762002465608359,0.0762002465608359,0.43872047581606877,0.06780769459454816,0.09184619673170813,0.16563757891647712,0.07558846114760898,0.014084245346169477,0.004269540172441966,0.2931583685166568,0.6057508845698845,0.3314190601844763,0.1442365995840139,0.5549940461291132,0.03535630202522633,0.0036421092726653947,0.8201319456111265,1,0.013987743045282164,0.4470338831679308,0.01978170432785986,0.025930396526082422,0.4129167942254657,0.4244341115569825,0.21328080858552712,0.31714082429533563,0.09942363713647229,0.26376181974855006,0.21328080858552712,0.3181914316554164,0.5600132512356502,0.014084245346169477,0.6739803264466476,0.43619284060938823,0.5431687431160244,0.6114997879322133,0.2869108199272119,0.42738869071624286,0.3648424631741536,0.023356614153911992,0.3540294777759093,0.023356614153911992,0.08166488669443639,0.03218852845741582,0.013987743045282164,0.4930712083395201,0.07705629667652758,0.8319066502022203,0.09184619673170813,0.03446551184114477,0.06080065974752402,0.07895570625531656
