result,186423833,1.0000000000000002
left,birthmark,bzip2-1.0.3,/Users/tamada/researches/2026snpd_tamada_experiments/experiments/experiment0/executables/bzip2-1.0.3,op-seq,2026-04-17T04:57:16.349313+00:00,1592375
right,birthmark,bzip2-1.0.3,/Users/tamada/researches/2026snpd_tamada_experiments/experiments/experiment0/executables/bzip2-1.0.3,op-seq,2026-04-17T04:57:16.349313+00:00,1592375
matrix,,_fopen_output_safely,entry,_mySIGSEGVorSIGBUScatcher,_addFlagsFromEnvVar,_snocString,_usage,_mySignalCatcher,_compress,_uncompress,_testf,_showFileNames,_cleanUpAndFail,_cadvise,_outOfMemory,_panic,_configError,_crcError,_compressedStreamEOF,_OUTLINED_FUNCTION_0,_OUTLINED_FUNCTION_1,_BZ2_blockSort,_fallbackSort,_mainGtU,_BZ2_hbMakeCodeLengths,_BZ2_hbAssignCodes,_BZ2_hbCreateDecodeTables,_BZ2_bsInitWrite,_BZ2_compressBlock,_bsPutUInt32,_BZ2_decompress,_BZ2_bzlibVersion,_BZ2_bzCompressInit,_default_bzalloc,_default_bzfree,_BZ2_bzCompress,_handle_compress,_BZ2_bzCompressEnd,_BZ2_bzDecompressInit,_BZ2_indexIntoF,_BZ2_bzDecompress,_BZ2_bzDecompressEnd,_BZ2_bzWriteOpen,_BZ2_bzWrite,_BZ2_bzWriteClose,_BZ2_bzWriteClose64,_BZ2_bzReadOpen,_BZ2_bzReadClose,_BZ2_bzRead,_BZ2_bzReadGetUnused,_BZ2_bzBuffToBuffCompress,_BZ2_bzBuffToBuffDecompress,_BZ2_bzopen,_bzopen_or_bzdopen,_BZ2_bzdopen,_BZ2_bzread,_BZ2_bzwrite,_BZ2_bzflush,_BZ2_bzclose,_BZ2_bzerror,_add_pair_to_block,_ioError,_main.cold.1,_main.cold.2,_main.cold.3,_BZ2_bz__AssertH__fail
0,_fopen_output_safely,1,0.18944531220453273,0.3757443981624618,0.4991086515118759,0.6806029000660254,0.4879500364742666,0.38575837490522974,0.1222692825926732,0.15010786813408278,0.19719468389927955,0.4862645390838647,0.2359566013863027,0.42479539524287324,0.375747653460452,0.375747653460452,0.47140452079103173,0.3640126041546321,0.39599246942624294,0.2916059217599022,0.6172133998483676,0.2590742016011938,0.34377470574443963,0.212665919340512,0.30727483060886895,0.49487165930539356,0.17669159093709136,0.1091089451179962,0.11464731838411216,0.04967288129056672,0.21218021283831326,0.3086066999241838,0.09311801702037682,0.4364357804719848,0.5773502691896257,0.5304965810358655,0.1794598604138155,0.22809258668019633,0.21777026332312227,0.3855701541695039,0.23613100180583466,0.22809258668019633,0.4976946144259466,0.458702306353904,0.6172133998483676,0.35278017935234557,0.3785124861620579,0.17796900961074413,0.377615957976137,0.2895330120717931,0.3707524177044935,0.2263189688050139,0.5039526306789697,0.2611487044860606,0.5039526306789697,0.5532833351724882,0.5921565254637922,0.3086066999241838,0.22731571366571668,0.046524210519923545,0.056575008579701734,0.3640126041546321,0.657951694959769,0.657951694959769,0.38575837490522974,0.6113149794833976
1,entry,0.18944531220453273,0.9999999999999999,0.8830985821771141,0.5294489955808158,0.1306771411981135,0.5349296495804534,0.7359387976483726,0.9896293248855325,0.995717457042971,0.99940598993864,0.6861030084198334,0.9953858285788911,0.4464351055374611,0.791056071894092,0.791056071894092,0.7411086016472186,0.8112864464652234,0.907185140894746,0.6188250171281109,0.02913829375386815,0.8384252617020027,0.6540483207768927,0.07901180178650535,0.7413025083568098,0.3808736807483904,0.1562567643740385,0.018654868946931188,0.5202558351592858,0.048596716519072825,0.6285468594703221,0.12127830373231609,0.046361100741034465,0.02060388510556579,0.03851673495631931,0.13827287008831818,0.0772829768484517,0.08974316375583109,0.08840056138781507,0.33717759999869285,0.370796477036777,0.08974316375583109,0.13901577705731236,0.12674172586069832,0.02913829375386815,0.09273652524752903,0.10359398841783081,0.0432780335772815,0.08436777314132314,0.044416134668179306,0.8139324598319768,0.9366905132103873,0.03407945440209071,0.945537650966996,0.03407945440209071,0.3507165204623643,0.5287175341964521,0.12127830373231609,0.6405720052768354,0.026594025037411657,0.043662086855338116,0.8112864464652234,0.04096763364367555,0.04096763364367555,0.7359387976483726,0.5914828865907049
2,_mySIGSEGVorSIGBUScatcher,0.3757443981624618,0.8830985821771141,1.0000000000000002,0.6642346049767109,0.38189420576224936,0.8384954803521664,0.9334557717919229,0.8427197673897422,0.8465720628000523,0.8839079845172961,0.8242304188204481,0.8907075066263307,0.7945254619690877,0.9274773448271414,0.9274773448271414,0.9505848293622025,0.9095583841963573,0.9681396350066424,0.8948158811736556,0.18939682326212925,0.7074677183385271,0.6461295173243959,0.1707241357397965,0.7261583141625575,0.5090767837187208,0.2101640047678056,0.0765278731793381,0.4744722626333011,0.0895886730504931,0.5662850057637402,0.4329070245991526,0.10382933877823629,0.13392377806384168,0.20247372079721848,0.3712687793221516,0.14851274788461996,0.23815465829015015,0.17395592240087307,0.5746741079270504,0.44927365681541553,0.23815465829015015,0.3715185138874692,0.3143329321435252,0.18939682326212925,0.24551523934909206,0.2350645779289279,0.14410014390220885,0.2352338445941042,0.1464486253045317,0.7704018188897702,0.8163971089602692,0.19882524681270178,0.8906720635095654,0.19882524681270178,0.6079718616547141,0.7614427240193006,0.4329070245991526,0.6213767088260201,0.09789478429803712,0.091172095824767,0.9095583841963573,0.21920320842979865,0.21920320842979865,0.9334557717919229,0.85189815880613
3,_addFlagsFromEnvVar,0.4991086515118759,0.5294489955808158,0.6642346049767109,0.9999999999999998,0.625561031405277,0.583559510670121,0.5339153146320343,0.43160469431505244,0.47302742375077256,0.5389198301090744,0.8875620980506365,0.5697071382697977,0.665957294071674,0.4699569592290117,0.4699569592290117,0.6832229476534749,0.4249433420988826,0.6963124344636841,0.5877699626984056,0.10367287662757949,0.7300387605053077,0.8738055179575819,0.46559238743197845,0.8789880741712501,0.9088139297319506,0.6256281633077339,0.20526182344773777,0.5906397068617485,0.3648898100986614,0.7205562566389669,0.37322235585928615,0.4459680048621762,0.14661558817695555,0.28816051430525264,0.7241125713421636,0.5484690170744262,0.5767779121869385,0.4953028217530205,0.819263747326367,0.7180294533352555,0.5767779121869385,0.6697345584518111,0.6532243752797273,0.10367287662757949,0.6112592438171914,0.6075275194569918,0.4536751288186849,0.5345745576820639,0.4429311678916095,0.8105331862503068,0.6526689448564064,0.18622680846299333,0.6068130078681371,0.18622680846299333,0.7633027750488324,0.7691889784149075,0.37322235585928615,0.6567312891127273,0.3938577101956488,0.36490990835153386,0.4249433420988826,0.19450755776009157,0.19450755776009157,0.5339153146320343,0.7090470832544453
4,_snocString,0.6806029000660254,0.1306771411981135,0.38189420576224936,0.625561031405277,0.9999999999999998,0.5300319350190871,0.41902703682166925,0.07469045022929284,0.09013704041043731,0.1373681563087156,0.4980843485271199,0.17698605482672677,0.536311994073122,0.38832367443675553,0.38832367443675553,0.48125892593191666,0.3641896100508963,0.4139729250751608,0.366768560976447,0.529297309669477,0.2046741679704471,0.3968759321430872,0.26673706209769177,0.40519997755323467,0.5186890731849548,0.6136704973938548,0.4054588600086734,0.30015773330303824,0.29615376185431724,0.35035053972560837,0.35286487311298464,0.5774076861308669,0.4366480030862637,0.6129961774004011,0.6079068312518211,0.5089253877568234,0.37342390858005475,0.5418084326663068,0.46153146538135387,0.4634990292834686,0.37342390858005475,0.8027957830835335,0.610393331116577,0.529297309669477,0.5599624501533885,0.7078018716915365,0.38902893140218314,0.5946319183255503,0.566614688239428,0.33469995846443096,0.22175667452361228,0.4681835639426528,0.3133830075832874,0.4681835639426528,0.5799120134139611,0.6394638716575693,0.35286487311298464,0.3179326132702606,0.27928100115971466,0.3203625560562358,0.3641896100508963,0.5830405888642544,0.5830405888642544,0.41902703682166925,0.5702249450032048
5,_usage,0.4879500364742666,0.5349296495804534,0.8384954803521664,0.583559510670121,0.5300319350190871,0.9999999999999998,0.9486832980505138,0.4815846585995436,0.4826979913646557,0.5389848814206374,0.7474093186836597,0.5609378771355948,0.9068453126375146,0.8885233166386385,0.8885233166386385,0.9315885051121782,0.8392543274162825,0.788356122792286,0.926302172234155,0.4743416490252569,0.4031102711856289,0.4853693686690489,0.25942585774759064,0.5260674093466123,0.4394802124588286,0.22933633752491678,0.22360679774997896,0.3913052370228432,0.20359822759511711,0.43227096207678806,0.6324555320336759,0.15413608040356438,0.33541019662496846,0.33806170189140655,0.5006816635748798,0.256775515301789,0.33996414629706817,0.23141286171755018,0.5926377579897537,0.4645054267714351,0.33996414629706817,0.4589866989455328,0.40519827150349746,0.4743416490252569,0.3570015276495349,0.2962818535419394,0.27890959801791193,0.342816337817576,0.21680684567912825,0.5325208635682589,0.4947369238928476,0.5163977794943222,0.6067316268306733,0.5163977794943222,0.7181324987175316,0.7416198487095663,0.6324555320336759,0.5199314567548143,0.28603877677367767,0.20980390899998025,0.8392543274162825,0.5393598899705937,0.5393598899705937,0.9486832980505138,0.9561016864238912
6,_mySignalCatcher,0.38575837490522974,0.7359387976483726,0.9334557717919229,0.5339153146320343,0.41902703682166925,0.9486832980505138,0.9999999999999998,0.7115419775621432,0.7018344977676575,0.7365677467770685,0.722185380728474,0.749295039334484,0.8316320352807863,0.9834151021607785,0.9834151021607785,0.9547032697824666,0.9583727150068314,0.8982135795057888,0.9212884029599914,0.37499999999999994,0.49934531422688844,0.5031406720004413,0.20509414860630643,0.5736452470067056,0.3474396144861517,0.18130629420496988,0.17677669529663687,0.4555420741101834,0.160958531693479,0.49399249484830926,0.4999999999999999,0.12185527092152719,0.2651650429449553,0.26726124191242434,0.3958236098946956,0.20299886892926783,0.26876525627335834,0.18294793072126084,0.46852128566581813,0.44705504081495734,0.26876525627335834,0.36286084609747193,0.32033736047858796,0.37499999999999994,0.28223448888302705,0.23423137164223864,0.22049739775464644,0.2710201116553142,0.17140086116567016,0.6135227751129259,0.6620586519247423,0.40824829046386296,0.7875697105194762,0.40824829046386296,0.6274950199005567,0.6929023281557339,0.4999999999999999,0.5951886822462674,0.2261335084333227,0.1658645536116593,0.9583727150068314,0.42640143271122083,0.42640143271122083,0.9999999999999998,0.912250561499702
7,_compress,0.1222692825926732,0.9896293248855325,0.8427197673897422,0.43160469431505244,0.07469045022929284,0.4815846585995436,0.7115419775621432,0.9999999999999999,0.9969823005526587,0.9879720211591445,0.5928552060460552,0.9812652313206757,0.374094607780005,0.7841256175095156,0.7841256175095156,0.6889226640238172,0.8147646429872676,0.8745641384166968,0.5630534704925977,0.018093099480016934,0.7731003540376244,0.57552195239686,0.04321285884708727,0.6728166354186136,0.2620007459360293,0.10739754953629224,0.009304547880002016,0.49981015888170227,0.03022550799045437,0.5880866806296313,0.051400850795502655,0.032167563460749275,0.013084520456252835,0.022749225842599852,0.07709807685439633,0.05025384609116159,0.05874037158174163,0.061258253662848074,0.21587456815406722,0.3245025009927888,0.05874037158174163,0.07551490049432598,0.07174265114894067,0.018093099480016934,0.05239049542517737,0.06183235455406666,0.023448664873499732,0.04636125086286812,0.024304885640511226,0.7548655014007762,0.9139223441899158,0.020480686038476404,0.9385565278038924,0.020480686038476404,0.2786726409940467,0.4507093400174434,0.051400850795502655,0.6190036342664184,0.018473544045865275,0.025131612541625815,0.8147646429872676,0.0253365102635754,0.0253365102635754,0.7115419775621432,0.5281740851172934
8,_uncompress,0.15010786813408278,0.995717457042971,0.8465720628000523,0.47302742375077256,0.09013704041043731,0.4826979913646557,0.7018344977676575,0.9969823005526587,0.9999999999999998,0.9953391621387949,0.6326764717444471,0.9903572222235703,0.38033508795378884,0.7699095502368564,0.7699095502368564,0.6948640894854885,0.7981101682257297,0.8823942468281618,0.5606975284594335,0.02378904262281159,0.8165958689297754,0.6172672479228856,0.050703636711298634,0.7084165230681965,0.3155982064475022,0.12591087560887382,0.01028881341224399,0.5082712615583417,0.034799561966878445,0.6113751739889708,0.06235962629280708,0.03372262934297471,0.017148022353739984,0.029999360102778528,0.09307779605774612,0.057668884783892004,0.06739733184239882,0.06982765882889308,0.25992141891481085,0.339026872128073,0.06739733184239882,0.09182045121507314,0.08783573108506773,0.02378904262281159,0.0636110361118582,0.0745338900220007,0.028628486876623456,0.057533075839290494,0.030236144215955548,0.7887542392579506,0.9309788641338423,0.027909742241070894,0.9375892078799942,0.027909742241070894,0.2993506659517953,0.4765560825919164,0.06235962629280708,0.6302886702572325,0.01977706027755096,0.028247359573885616,0.7981101682257297,0.03220372783789144,0.03220372783789144,0.7018344977676575,0.5400048294426965
9,_testf,0.19719468389927955,0.99940598993864,0.8839079845172961,0.5389198301090744,0.1373681563087156,0.5389848814206374,0.7365677467770685,0.9879720211591445,0.9953391621387949,1.0000000000000002,0.6965746769672883,0.9972457489104866,0.4496579062197849,0.790751984850695,0.790751984850695,0.7455369972189813,0.8104368036895253,0.9109768465620882,0.6178274607443706,0.03889466649647886,0.8456141166178481,0.6624989850830936,0.07700964261571054,0.7516153768978341,0.3887743789985322,0.15637340046780826,0.01817141517805408,0.5190707950227369,0.0479220889002101,0.6322426630135473,0.12432402326553064,0.050511892470873315,0.02750268243164942,0.048262671189657345,0.14697920183956006,0.07913305098993621,0.1039753392818977,0.09784085783483495,0.34363332116092893,0.3727667021906983,0.1039753392818977,0.14366175805812115,0.13183247471636816,0.03889466649647886,0.09763292375641082,0.10702887778851787,0.04773441205904138,0.08884756779194895,0.048821415560974205,0.8220957450653075,0.9405459301605699,0.0459347560547613,0.9446188642653242,0.0459347560547613,0.36144434109379164,0.5407810359563339,0.12432402326553064,0.6452306869371494,0.033925065663315004,0.04125402364747414,0.8104368036895253,0.052123473345188805,0.052123473345188805,0.7365677467770685,0.5986990640980708
10,_showFileNames,0.4862645390838647,0.6861030084198334,0.8242304188204481,0.8875620980506365,0.4980843485271199,0.7474093186836597,0.722185380728474,0.5928552060460552,0.6326764717444471,0.6965746769672883,1.0000000000000002,0.7212388439142691,0.7832178030674114,0.6640906067234306,0.6640906067234306,0.8309489698388166,0.6195224741298931,0.8376233659741152,0.7444375004781978,0.2626128657194451,0.8002205829264861,0.8251774242923715,0.34593741148090323,0.821024091114096,0.8281976394854439,0.38341289055807454,0.18569533817705186,0.5134710965047519,0.21738744653152453,0.6613856726499324,0.5252257314388902,0.18082970216350636,0.18569533817705186,0.3509312031717982,0.5583512580744574,0.3044962010357028,0.40584198139566435,0.2814033849900379,0.7997581636151854,0.5857218906905902,0.40584198139566435,0.5203241709199625,0.4980182964151266,0.2626128657194451,0.42699661424074276,0.38473067420795354,0.3117985958124587,0.39744336295866356,0.3032392174315614,0.8575034942557921,0.7457476217836772,0.3216337604513385,0.689786508101663,0.3216337604513385,0.7533177846892134,0.8398387664337815,0.5252257314388902,0.6528507146369351,0.2771326538627136,0.20862068856928048,0.6195224741298931,0.2799462554779272,0.2799462554779272,0.722185380728474,0.8213785172900903
11,_cleanUpAndFail,0.2359566013863027,0.9953858285788911,0.8907075066263307,0.5697071382697977,0.17698605482672677,0.5609378771355948,0.749295039334484,0.9812652313206757,0.9903572222235703,0.9972457489104866,0.7212388439142691,1,0.4658842749636848,0.8020332600334001,0.8020332600334001,0.7634896430577909,0.8206901956435887,0.9288388999980416,0.6207432971757193,0.06728363618513734,0.8514814206109274,0.6849182341578312,0.10104803698021798,0.7676780610196756,0.4132661367885556,0.1738203989658662,0.03027609162416312,0.5393131444117603,0.07369941104643588,0.6545835976307728,0.12233388397297698,0.06644275593165505,0.04757671540939919,0.08173776439647064,0.18870994391106638,0.11161040335599644,0.14302407489456914,0.12053622229416444,0.3582251787469513,0.400994742493894,0.14302407489456914,0.17389675549115335,0.17535374515876653,0.06728363618513734,0.14331896353889648,0.1421259898689119,0.08963768405883416,0.13130670452904744,0.08475540101137287,0.8437521494731787,0.9507238986600388,0.08490241829621314,0.9499863608745551,0.08490241829621314,0.3977101258021501,0.5659722758379814,0.12233388397297698,0.6779135338884241,0.06270459153499112,0.06631905784340493,0.8206901956435887,0.09650218528113046,0.09650218528113046,0.749295039334484,0.6300569399580013
12,_cadvise,0.42479539524287324,0.4464351055374611,0.7945254619690877,0.665957294071674,0.536311994073122,0.9068453126375146,0.8316320352807863,0.374094607780005,0.38033508795378884,0.4496579062197849,0.7832178030674114,0.4658842749636848,1.0000000000000002,0.7305495724090181,0.7305495724090181,0.876095805063078,0.659597339204445,0.7065062657651134,0.9321432172384291,0.3441236008058426,0.3700497765830102,0.4909074959232296,0.26671662867516144,0.5254729581127308,0.5886137659055672,0.26489139480982127,0.24333213169614382,0.3112565349550342,0.16353128711525924,0.3650295069722791,0.8029550685469661,0.17572038882802352,0.24333213169614382,0.4291975376394761,0.6053877596485772,0.23916006183665983,0.40849073260796154,0.26381855522954645,0.7524030820950195,0.4547642771272615,0.40849073260796154,0.5814005462246283,0.4820972250007219,0.3441236008058426,0.3974531799579005,0.35563701410137716,0.284057444579807,0.38413858765217185,0.2980197803396349,0.5323832930533361,0.4308908034459365,0.37463432463267765,0.522821278795213,0.37463432463267765,0.7951923208052687,0.8314971796756815,0.8029550685469661,0.4375495913304334,0.24210006235312614,0.17223508910179727,0.659597339204445,0.2934695928267111,0.2934695928267111,0.8316320352807863,0.8610567718228919
13,_outOfMemory,0.375747653460452,0.791056071894092,0.9274773448271414,0.4699569592290117,0.38832367443675553,0.8885233166386385,0.9834151021607785,0.7841256175095156,0.7699095502368564,0.790751984850695,0.6640906067234306,0.8020332600334001,0.7305495724090181,1,1,0.9197090092274486,0.9942627179989935,0.9133615881352816,0.8495907904857464,0.37463432463267754,0.5107714215481131,0.4701342564588519,0.15367061569847523,0.5510834620650419,0.26032561064731463,0.13584712216226488,0.13245323570650439,0.4519671792483943,0.12060118162970788,0.484661860122688,0.37463432463267754,0.09130233424923659,0.26490647141300877,0.2503130871608794,0.3050518850055108,0.15475746890712394,0.2013773805373962,0.13707714893741088,0.3510483108628952,0.3956996165627397,0.2013773805373962,0.2891424945046248,0.25281974093608856,0.37463432463267754,0.22210942680294188,0.18826602151474806,0.16838893713949873,0.21915137777451296,0.12842529172852035,0.60587202935462,0.7005890598913876,0.38235955645093633,0.8310070073167893,0.38235955645093633,0.537328395407574,0.6389784510646973,0.37463432463267754,0.5937870111664624,0.1694347484174715,0.12427711004560905,0.9942627179989935,0.4392976851069794,0.4392976851069794,0.9834151021607785,0.8592832235509577
14,_panic,0.375747653460452,0.791056071894092,0.9274773448271414,0.4699569592290117,0.38832367443675553,0.8885233166386385,0.9834151021607785,0.7841256175095156,0.7699095502368564,0.790751984850695,0.6640906067234306,0.8020332600334001,0.7305495724090181,1,1,0.9197090092274486,0.9942627179989935,0.9133615881352816,0.8495907904857464,0.37463432463267754,0.5107714215481131,0.4701342564588519,0.15367061569847523,0.5510834620650419,0.26032561064731463,0.13584712216226488,0.13245323570650439,0.4519671792483943,0.12060118162970788,0.484661860122688,0.37463432463267754,0.09130233424923659,0.26490647141300877,0.2503130871608794,0.3050518850055108,0.15475746890712394,0.2013773805373962,0.13707714893741088,0.3510483108628952,0.3956996165627397,0.2013773805373962,0.2891424945046248,0.25281974093608856,0.37463432463267754,0.22210942680294188,0.18826602151474806,0.16838893713949873,0.21915137777451296,0.12842529172852035,0.60587202935462,0.7005890598913876,0.38235955645093633,0.8310070073167893,0.38235955645093633,0.537328395407574,0.6389784510646973,0.37463432463267754,0.5937870111664624,0.1694347484174715,0.12427711004560905,0.9942627179989935,0.4392976851069794,0.4392976851069794,0.9834151021607785,0.8592832235509577
15,_configError,0.47140452079103173,0.7411086016472186,0.9505848293622025,0.6832229476534749,0.48125892593191666,0.9315885051121782,0.9547032697824666,0.6889226640238172,0.6948640894854885,0.7455369972189813,0.8309489698388166,0.7634896430577909,0.876095805063078,0.9197090092274486,0.9197090092274486,1,0.884797996620707,0.9120291854009067,0.9278843611976129,0.32732683535398854,0.6056996166465711,0.6331328660581254,0.23937645036836516,0.6902763862949043,0.548219132908616,0.25196197462935127,0.1543033499620919,0.4688642110258387,0.16892986435071644,0.5447845324508044,0.5455447255899809,0.1418186673846983,0.23145502494313785,0.29160592175990213,0.4968664667268214,0.23212917850500034,0.31524045616080587,0.22812863694305163,0.6304783133466721,0.49018912338946147,0.31524045616080587,0.4575002078667942,0.40637143378384205,0.32732683535398854,0.339318405604514,0.31225687001713204,0.2331798497887969,0.3232284476363768,0.21260501606769033,0.7069399026914429,0.6970268622315936,0.3563483225498992,0.786176322091835,0.3563483225498992,0.7042147167923565,0.7909115788387002,0.5455447255899809,0.6027618097623293,0.19738550848793068,0.16192326847873842,0.884797996620707,0.37219368415938836,0.37219368415938836,0.9547032697824666,0.9327822981462446
16,_crcError,0.3640126041546321,0.8112864464652234,0.9095583841963573,0.4249433420988826,0.3641896100508963,0.8392543274162825,0.9583727150068314,0.8147646429872676,0.7981101682257297,0.8104368036895253,0.6195224741298931,0.8206901956435887,0.659597339204445,0.9942627179989935,0.9942627179989935,0.884797996620707,1.0000000000000002,0.9081213751352623,0.7941214529198779,0.3686048903872428,0.5095837549134311,0.44337234617775056,0.12095792986574797,0.5292252468948714,0.20490870562216618,0.10692861872310422,0.10425720702853739,0.44284495906526594,0.09492816309082623,0.47163771666529297,0.29488391230979427,0.0718663180498197,0.26064301757134345,0.23643312187173018,0.24678368816013402,0.12390463630956486,0.15850910052566478,0.10789680312013321,0.2763187794351024,0.35927116686182076,0.15850910052566478,0.241178718743168,0.20907663284544717,0.3686048903872428,0.1832027899037972,0.15823552673090266,0.13504389640065484,0.18515996214313055,0.10108671302760142,0.5919576277877533,0.7124409486563876,0.3611575592573077,0.8437289275614002,0.3611575592573077,0.47581247937391297,0.597259882788835,0.29488391230979427,0.5837456543886231,0.1333662673423161,0.09782157696504742,1.0000000000000002,0.44008622942335207,0.44008622942335207,0.9583727150068314,0.814709987019283
17,_compressedStreamEOF,0.39599246942624294,0.907185140894746,0.9681396350066424,0.6963124344636841,0.4139729250751608,0.788356122792286,0.8982135795057888,0.8745641384166968,0.8823942468281618,0.9109768465620882,0.8376233659741152,0.9288388999980416,0.7065062657651134,0.9133615881352816,0.9133615881352816,0.9120291854009067,0.9081213751352623,1,0.7898404435500129,0.21997067253202993,0.7567283984917824,0.7042508403929265,0.21173831501416385,0.7619178372743046,0.5134294800936015,0.2490880003424281,0.10369516947304253,0.561841768183753,0.1674767401108258,0.6600470512232639,0.29329423004270655,0.13785215603750253,0.1555427542095638,0.25475508554262666,0.4046662648402374,0.23529366485041778,0.3029924301504318,0.20504858054398045,0.5095791036116577,0.5133079565250288,0.3029924301504318,0.378399973222411,0.382075937948287,0.21997067253202993,0.3425645131909202,0.30102525565882626,0.2561951266765213,0.32031558845972014,0.23283356616701592,0.844375425808243,0.8905301015530931,0.2694079530401624,0.9267231112191242,0.2694079530401624,0.6134688957245553,0.7347338443898488,0.29329423004270655,0.7406974145324644,0.17686307531415274,0.1645040651516786,0.9081213751352623,0.29702006475334314,0.29702006475334314,0.8982135795057888,0.8408960247005429
18,_OUTLINED_FUNCTION_0,0.2916059217599022,0.6188250171281109,0.8948158811736556,0.5877699626984056,0.366768560976447,0.926302172234155,0.9212884029599914,0.5630534704925977,0.5606975284594335,0.6178274607443706,0.7444375004781978,0.6207432971757193,0.9321432172384291,0.8495907904857464,0.8495907904857464,0.9278843611976129,0.7941214529198779,0.7898404435500129,1,0.1889822365046136,0.4602499699077071,0.49873193574713093,0.20819201053583777,0.5699203474308756,0.47477169593953905,0.20738536482579728,0.1336306209562122,0.35967021128326343,0.12167321321572959,0.4106688804579997,0.6614378277661476,0.12281856868600437,0.1336306209562122,0.15152288168283162,0.4274493203384531,0.16685470540230266,0.2793552257390119,0.19756519492339988,0.6640665031135747,0.42822988017141145,0.2793552257390119,0.4136224858646592,0.32609840814624247,0.1889822365046136,0.2549456084601681,0.22213267088014968,0.16347497384054946,0.23732690931038067,0.12956687232762049,0.5520723984988001,0.5405068428680189,0.23145502494313788,0.6586815008900094,0.23145502494313788,0.6550432296063071,0.7252406676228422,0.6614378277661476,0.462349092292659,0.1709408646894569,0.13033109945112054,0.7941214529198779,0.20145574100634506,0.20145574100634506,0.9212884029599914,0.8669214468630108
19,_OUTLINED_FUNCTION_1,0.6172133998483676,0.02913829375386815,0.18939682326212925,0.10367287662757949,0.529297309669477,0.4743416490252569,0.37499999999999994,0.018093099480016934,0.02378904262281159,0.03889466649647886,0.2626128657194451,0.06728363618513734,0.3441236008058426,0.37463432463267754,0.37463432463267754,0.32732683535398854,0.3686048903872428,0.21997067253202993,0.1889822365046136,0.9999999999999998,0.007949776146895736,0.025450695470839446,0.009375732507716865,0.024584796300287384,0.05345224838248487,0.009542436537103677,0.35355339059327373,0.006346807023478696,0.007664691985403762,0.002708044741059713,0.4999999999999999,0.015473685196384406,0.7071067811865475,0.8017837257372731,0.211105925277171,0.01772915885845134,0.06719131406833959,0.026135418674465834,0.07808688094430302,0.014738078268624966,0.06719131406833959,0.2303878387920457,0.10250795535314815,0.9999999999999998,0.07100238714038416,0.1022100530802496,0.06784535315527583,0.13953510699085483,0.14433756729740646,0.07187714520151432,0.012222621266302934,0.8164965809277259,0.06283800881804331,0.8164965809277259,0.35856858280031806,0.42640143271122083,0.4999999999999999,0.06576670522058205,0.1507556722888818,0.008729713347982069,0.3686048903872428,0.8528028654224417,0.8528028654224417,0.37499999999999994,0.4170288281141495
20,_BZ2_blockSort,0.2590742016011938,0.8384252617020027,0.7074677183385271,0.7300387605053077,0.2046741679704471,0.4031102711856289,0.49934531422688844,0.7731003540376244,0.8165958689297754,0.8456141166178481,0.8002205829264861,0.8514814206109274,0.3700497765830102,0.5107714215481131,0.5107714215481131,0.6056996166465711,0.5095837549134311,0.7567283984917824,0.4602499699077071,0.007949776146895736,1,0.8604047601978368,0.20841842286372725,0.882717884874503,0.6808283082026552,0.36117057581620793,0.10427586854524247,0.5819765057505117,0.18252965318031428,0.7409612974272519,0.14945579156163985,0.14673526199017517,0.03457124482766799,0.030170272052420743,0.24674994269064612,0.22279681039354793,0.1722652796395488,0.20407240900958215,0.5770707885809454,0.49194802685011846,0.1722652796395488,0.2428977400701558,0.24308923349288614,0.007949776146895736,0.2043207272237111,0.22661936999994298,0.14085265492551785,0.18236445904059673,0.12834243345297028,0.8941012758190738,0.8828311476852663,0.048357689570954654,0.7641221005800756,0.048357689570954654,0.42111977106159637,0.552706227816421,0.14945579156163985,0.6396727634292483,0.12895578599868082,0.17025722159132367,0.5095837549134311,0.026779387916281667,0.026779387916281667,0.49934531422688844,0.5211629325246925
21,_fallbackSort,0.34377470574443963,0.6540483207768927,0.6461295173243959,0.8738055179575819,0.3968759321430872,0.4853693686690489,0.5031406720004413,0.57552195239686,0.6172672479228856,0.6624989850830936,0.8251774242923715,0.6849182341578312,0.4909074959232296,0.4701342564588519,0.4701342564588519,0.6331328660581254,0.44337234617775056,0.7042508403929265,0.49873193574713093,0.025450695470839446,0.8604047601978368,1.0000000000000002,0.5483462617751492,0.9037998212921909,0.8386323633119803,0.6145520552703884,0.369617534410995,0.7976151692171556,0.5466210309955915,0.9009245927672669,0.22122527601575825,0.3283214113180243,0.1370491981523914,0.11720342487015448,0.5767191019363148,0.5698693058136796,0.3760829044672651,0.4444322735792964,0.7386884418568713,0.8132045331094901,0.3760829044672651,0.5361071246207109,0.6289452844821803,0.025450695470839446,0.5942169735190115,0.562818264040046,0.5287721670802202,0.567488026698253,0.4815099588746845,0.9177172399596594,0.8133234671549189,0.23657692795827917,0.7014320707987857,0.23657692795827917,0.69917819438741,0.5868542882785256,0.22122527601575825,0.8053850938784741,0.45451757900969536,0.5324734776949628,0.44337234617775056,0.07095677738787294,0.07095677738787294,0.5031406720004413,0.6286560580237375
22,_mainGtU,0.212665919340512,0.07901180178650535,0.1707241357397965,0.46559238743197845,0.26673706209769177,0.25942585774759064,0.20509414860630643,0.04321285884708727,0.050703636711298634,0.07700964261571054,0.34593741148090323,0.10104803698021798,0.26671662867516144,0.15367061569847523,0.15367061569847523,0.23937645036836516,0.12095792986574797,0.21173831501416385,0.20819201053583777,0.009375732507716865,0.20841842286372725,0.5483462617751492,0.9999999999999999,0.3159393161820152,0.45905704821752125,0.5025380063365332,0.5237418787490222,0.7689360788284957,0.8157785797378906,0.5934212788137889,0.10313305758488552,0.26375022835743184,0.05966679631317975,0.08770194698478843,0.5802096502953809,0.6813183206577481,0.41829861093103865,0.3736840090651941,0.4107202782416981,0.7852094383975313,0.41829861093103865,0.400474150565683,0.6878180508319677,0.009375732507716865,0.7172245219645877,0.5225897252900062,0.7424875885198198,0.6533168461595192,0.6042352433314963,0.40164492854932304,0.2694916580887982,0.2220023525510689,0.1999190348371491,0.2220023525510689,0.5434979707444502,0.15991303096030557,0.10313305758488552,0.6016890489893422,0.619088847541892,0.8179834874539348,0.12095792986574797,0.11793586033322535,0.11793586033322535,0.20509414860630643,0.3655803942278582
23,_BZ2_hbMakeCodeLengths,0.30727483060886895,0.7413025083568098,0.7261583141625575,0.8789880741712501,0.40519997755323467,0.5260674093466123,0.5736452470067056,0.6728166354186136,0.7084165230681965,0.7516153768978341,0.821024091114096,0.7676780610196756,0.5254729581127308,0.5510834620650419,0.5510834620650419,0.6902763862949043,0.5292252468948714,0.7619178372743046,0.5699203474308756,0.024584796300287384,0.882717884874503,0.9037998212921909,0.3159393161820152,0.9999999999999999,0.7626233677460307,0.5668690416905338,0.1883274919285842,0.6492198502062829,0.31066632390168064,0.8017613470476672,0.2540428951029696,0.44464453602609394,0.10430445706813893,0.09417807240976256,0.5246838985926096,0.4658264030866542,0.48950852003406004,0.5054600362097827,0.6731923549836626,0.661679811495043,0.48950852003406004,0.4691711548537747,0.4378038349522693,0.024584796300287384,0.42045184925137385,0.4577508291596185,0.32191708813799863,0.3564141467155271,0.288316412351968,0.8801766105728464,0.8218419389296362,0.12044041273193555,0.7702326896338673,0.12044041273193555,0.6141350445587224,0.6831416691423702,0.2540428951029696,0.7036579294774774,0.3582754244523871,0.31334260765325683,0.5292252468948714,0.08036960813439649,0.08036960813439649,0.5736452470067056,0.6373680264781925
24,_BZ2_hbAssignCodes,0.49487165930539356,0.3808736807483904,0.5090767837187208,0.9088139297319506,0.5186890731849548,0.4394802124588286,0.3474396144861517,0.2620007459360293,0.3155982064475022,0.3887743789985322,0.8281976394854439,0.4132661367885556,0.5886137659055672,0.26032561064731463,0.26032561064731463,0.548219132908616,0.20490870562216618,0.5134294800936015,0.47477169593953905,0.05345224838248487,0.6808283082026552,0.8386323633119803,0.45905704821752125,0.7626233677460307,1,0.6059568492909733,0.2645751311064591,0.4937234421383817,0.36053161740555795,0.652377034692588,0.42761798705987897,0.33166840906831696,0.03779644730092272,0.2571428571428571,0.6818812181841767,0.47875955115239177,0.40943405619481393,0.4302750422948767,0.8681752259748694,0.6572739669994988,0.40943405619481393,0.6773111390878972,0.6556872559891517,0.05345224838248487,0.5700446324232101,0.5936848096949946,0.41704596687211887,0.5415993189171135,0.45133729863911887,0.7447981771258526,0.5318078424785336,0.1745743121887939,0.44067887060261085,0.1745743121887939,0.7155417527999328,0.6837634587578277,0.42761798705987897,0.5287128907173317,0.3062127263296445,0.3406346485144887,0.20490870562216618,0.04558423058385518,0.04558423058385518,0.3474396144861517,0.56842377682686
25,_BZ2_hbCreateDecodeTables,0.17669159093709136,0.1562567643740385,0.2101640047678056,0.6256281633077339,0.6136704973938548,0.22933633752491678,0.18130629420496988,0.10739754953629224,0.12591087560887382,0.15637340046780826,0.38341289055807454,0.1738203989658662,0.26489139480982127,0.13584712216226488,0.13584712216226488,0.25196197462935127,0.10692861872310422,0.2490880003424281,0.20738536482579728,0.009542436537103677,0.36117057581620793,0.6145520552703884,0.5025380063365332,0.5668690416905338,0.6059568492909733,1,0.6207719857674024,0.6479984962103053,0.6483115138132494,0.7232590511748749,0.1335941115194515,0.8578851886832056,0.04723265109099801,0.10201293759107294,0.6247718980140498,0.8643712538753268,0.36867208894649595,0.7491843045114607,0.42472929030108786,0.792701445664774,0.36867208894649595,0.7844110027557855,0.6514649885647785,0.009542436537103677,0.682956059456142,0.8699969869152739,0.6163342979341694,0.6766093377125459,0.6824680435863668,0.44357039687118766,0.3427472365368694,0.218158270575419,0.3754468976128533,0.218158270575419,0.4653400405976888,0.2522723338805684,0.1335941115194515,0.5208869269821018,0.6243421729744736,0.6370993219470067,0.10692861872310422,0.0406890861097691,0.0406890861097691,0.18130629420496988,0.30840901229770423
26,_BZ2_bsInitWrite,0.1091089451179962,0.018654868946931188,0.0765278731793381,0.20526182344773777,0.4054588600086734,0.22360679774997896,0.17677669529663687,0.009304547880002016,0.01028881341224399,0.01817141517805408,0.18569533817705186,0.03027609162416312,0.24333213169614382,0.13245323570650439,0.13245323570650439,0.1543033499620919,0.10425720702853739,0.10369516947304253,0.1336306209562122,0.35355339059327373,0.10427586854524247,0.369617534410995,0.5237418787490222,0.1883274919285842,0.2645751311064591,0.6207719857674024,1,0.6079568279662854,0.7641855506805109,0.5387186731116493,0.35355339059327373,0.48142810022160953,0.25,0.3779644730092272,0.4371608345570055,0.6418641128214779,0.16629001835095297,0.572896484989794,0.22086305214969307,0.6409157977522726,0.16629001835095297,0.602762571517244,0.5919532412388611,0.35355339059327373,0.5924339792432983,0.6504607947463331,0.6716347300332833,0.7134326703447266,0.7909810627737347,0.29405786853785665,0.2160674595319428,0.5773502691896258,0.19550600146659342,0.5773502691896258,0.50709255283711,0.15075567228888181,0.35355339059327373,0.46504083237770283,0.6396021490668313,0.7592592592592593,0.10425720702853739,0.15075567228888181,0.15075567228888181,0.17677669529663687,0.2211629342323457
27,_BZ2_compressBlock,0.11464731838411216,0.5202558351592858,0.4744722626333011,0.5906397068617485,0.30015773330303824,0.3913052370228432,0.4555420741101834,0.49981015888170227,0.5082712615583417,0.5190707950227369,0.5134710965047519,0.5393131444117603,0.3112565349550342,0.4519671792483943,0.4519671792483943,0.4688642110258387,0.44284495906526594,0.561841768183753,0.35967021128326343,0.006346807023478696,0.5819765057505117,0.7976151692171556,0.7689360788284957,0.6492198502062829,0.4937234421383817,0.6479984962103053,0.6079568279662854,1,0.851388450314307,0.9078956969694579,0.029406872542117955,0.4093166344241594,0.09215093652244877,0.0393531282327432,0.5138574472313981,0.7520924048139567,0.3804363162391695,0.47121078574167985,0.41472005854569133,0.9033491132156141,0.3804363162391695,0.4343984427229912,0.6471934136935794,0.006346807023478696,0.7020015721977169,0.5958450307758496,0.7474163174177127,0.6635069405381622,0.6237301647227639,0.7229704983642237,0.6970113949679717,0.2639439815427682,0.6311665745330655,0.2639439815427682,0.5599900552367496,0.26611828144870725,0.029406872542117955,0.8863754818275411,0.643746585054454,0.8460134139826114,0.44284495906526594,0.10861234266584527,0.10861234266584527,0.4555420741101834,0.49543712655591027
28,_bsPutUInt32,0.04967288129056672,0.048596716519072825,0.0895886730504931,0.3648898100986614,0.29615376185431724,0.20359822759511711,0.160958531693479,0.03022550799045437,0.034799561966878445,0.0479220889002101,0.21738744653152453,0.07369941104643588,0.16353128711525924,0.12060118162970788,0.12060118162970788,0.16892986435071644,0.09492816309082623,0.1674767401108258,0.12167321321572959,0.007664691985403762,0.18252965318031428,0.5466210309955915,0.8157785797378906,0.31066632390168064,0.36053161740555795,0.6483115138132494,0.7641855506805109,0.851388450314307,1,0.7063470948788363,0.007664691985403762,0.43016593910835177,0.027098778392925918,0.04096950197790431,0.5293373908876969,0.8192991962827939,0.36050050849984466,0.5376587029884558,0.30045296905056657,0.850158261483404,0.36050050849984466,0.4909068063836406,0.7414312599193404,0.007664691985403762,0.798467006661927,0.672947965643147,0.8749231084243397,0.7970195503144012,0.7694337332013184,0.39784018337579047,0.2994096767244228,0.34420071399704744,0.2234139500464617,0.34420071399704744,0.5166837356477505,0.042487063370262895,0.007664691985403762,0.685147627007697,0.7348953244413321,0.9787677292141242,0.09492816309082623,0.09804706931599129,0.09804706931599129,0.160958531693479,0.2860775777293317
29,_BZ2_decompress,0.21218021283831326,0.6285468594703221,0.5662850057637402,0.7205562566389669,0.35035053972560837,0.43227096207678806,0.49399249484830926,0.5880866806296313,0.6113751739889708,0.6322426630135473,0.6613856726499324,0.6545835976307728,0.3650295069722791,0.484661860122688,0.484661860122688,0.5447845324508044,0.47163771666529297,0.6600470512232639,0.4106688804579997,0.002708044741059713,0.7409612974272519,0.9009245927672669,0.5934212788137889,0.8017613470476672,0.652377034692588,0.7232590511748749,0.5387186731116493,0.9078956969694579,0.7063470948788363,0.9999999999999998,0.06679843694613959,0.48235040369017634,0.023404049779732,0.05146705071289092,0.5952776106892418,0.7623648441229831,0.37727790641440173,0.5481828065456013,0.47254879729729504,0.9128448468799454,0.37727790641440173,0.5607063792012165,0.6808507734017435,0.002708044741059713,0.7085046519186589,0.68486923063584,0.7028422202026829,0.6827125745929963,0.6274807979049881,0.8662480979705767,0.8187812133796123,0.3260157782269942,0.7507641836063313,0.3260157782269942,0.6350469262849097,0.37143305397458687,0.06679843694613959,0.9221579775287828,0.6343346030763513,0.6897023747209643,0.47163771666529297,0.07005265888432623,0.07005265888432623,0.49399249484830926,0.5736382835142315
